# Final optimized S-box - THREAD-SAFE VERSION with Early Stopping
# Generated on: 2025-09-17T19:56:35.331
# Format: 16 values per line (256 total)

sbox = UInt8[
    105, 130, 214,   1, 186, 235, 135,  91,  46, 248, 151,  44,  15, 211, 203, 255,
    127,  55, 174,   0, 232,  52,  53,  79, 230, 128, 222,  59,  47, 221, 252, 242,
    216,  34, 122, 120,  41, 196,  60, 183, 188, 171,  71, 170,  51, 159,  93, 118,
    192, 141, 224, 213, 167,  14,  29,  84, 143, 173,  45,  27,  54, 185, 209,  56,
     92, 113,  99, 184, 205, 243,  12,  31, 149, 231, 129,  28, 126, 223, 212,   2,
    108,  16, 107,  96, 218,  32,   3,  69, 177, 201, 145, 156,  85, 200,  73,  98,
    106,  86, 165, 191,  25,  22,  87,  90, 215,  88,   9,  13, 250, 172,  94,  82,
     39, 155,  67,  57, 124, 142,  74, 168, 117, 100, 251, 144,  89, 166, 132, 163,
    114, 133,  21,  38,  68, 195, 254,  61,  35,  70,  77, 208,  78,  17,  18, 228,
    138, 239,  58, 136, 109, 162,  20,  97, 237, 148, 210,  24,  83, 247, 202, 111,
    179,   8, 197, 240, 125, 236, 116,  11, 220, 182, 180, 164, 253, 102,  26,  64,
    131, 206, 187, 241, 169, 233, 229, 147, 178, 249, 176, 234, 198, 137, 150,  36,
     10, 225,  19,  30, 110, 119, 152, 101, 158,  81, 139,  63, 246,  23, 123, 103,
    226, 161, 190, 121, 140,  40, 146,   7,  66, 104,  50,  43, 227,  48, 204, 217,
     80,   6, 115, 219, 134,   5,  75, 194, 245,  65, 160, 244,  49,  95, 157,   4,
     76,  72, 238, 154,  37, 181, 199, 207, 175,  62, 112,  33,  42, 153, 193, 189
]

# Comma-separated format:
105, 130, 214, 1, 186, 235, 135, 91, 46, 248, 151, 44, 15, 211, 203, 255, 127, 55, 174, 0, 232, 52, 53, 79, 230, 128, 222, 59, 47, 221, 252, 242, 216, 34, 122, 120, 41, 196, 60, 183, 188, 171, 71, 170, 51, 159, 93, 118, 192, 141, 224, 213, 167, 14, 29, 84, 143, 173, 45, 27, 54, 185, 209, 56, 92, 113, 99, 184, 205, 243, 12, 31, 149, 231, 129, 28, 126, 223, 212, 2, 108, 16, 107, 96, 218, 32, 3, 69, 177, 201, 145, 156, 85, 200, 73, 98, 106, 86, 165, 191, 25, 22, 87, 90, 215, 88, 9, 13, 250, 172, 94, 82, 39, 155, 67, 57, 124, 142, 74, 168, 117, 100, 251, 144, 89, 166, 132, 163, 114, 133, 21, 38, 68, 195, 254, 61, 35, 70, 77, 208, 78, 17, 18, 228, 138, 239, 58, 136, 109, 162, 20, 97, 237, 148, 210, 24, 83, 247, 202, 111, 179, 8, 197, 240, 125, 236, 116, 11, 220, 182, 180, 164, 253, 102, 26, 64, 131, 206, 187, 241, 169, 233, 229, 147, 178, 249, 176, 234, 198, 137, 150, 36, 10, 225, 19, 30, 110, 119, 152, 101, 158, 81, 139, 63, 246, 23, 123, 103, 226, 161, 190, 121, 140, 40, 146, 7, 66, 104, 50, 43, 227, 48, 204, 217, 80, 6, 115, 219, 134, 5, 75, 194, 245, 65, 160, 244, 49, 95, 157, 4, 76, 72, 238, 154, 37, 181, 199, 207, 175, 62, 112, 33, 42, 153, 193, 189
