# Final optimized S-box - THREAD-SAFE VERSION with Early Stopping
# Generated on: 2025-09-14T19:29:14.524
# Format: 16 values per line (256 total)

sbox = UInt8[
    142,  99, 195, 243, 214,  98,  27, 239,  21,  90,   8, 208,  13, 132, 248, 225,
    166, 155,   3,  48, 216, 215, 244,  87,  83, 179, 163,  19, 154, 249, 174,  56,
    149, 250, 145,  35, 192, 212, 116, 240,  71,  82, 180, 137, 186, 167,   5, 156,
    140,  69,  39,  96,  76,  43, 161, 117, 151,  77,  37,  84, 162, 201, 118, 164,
    131,  18, 100, 146, 207,  53,  65, 109,  34,  67, 119, 148,  24, 125, 135,  80,
    178, 205,  62,  64, 160,  73, 187, 238, 220,   4, 219, 231,  95, 199, 252, 122,
     55,  51,  91, 189,  22,  89,   7, 121, 153,  74, 143, 111, 210,  44, 159, 182,
    102, 108,  86, 152, 224, 105, 222, 232, 138, 230, 177, 211,  28,  10,  88, 157,
    196, 127,  14, 150, 255, 234,  42,  59, 209, 246, 203,  16,  79, 226,  63,   0,
    236, 176,  78,  92, 120,  15, 106, 253, 193, 206, 126, 107, 112, 104, 247, 235,
    158, 191, 172,   6, 128, 223,  70,  20,  66,  32, 173, 221, 245, 200,   2, 134,
    124, 181, 130, 254, 218, 217,  75, 171,  47, 194,  26, 114, 169, 136,  36,  17,
    147, 188, 228, 241, 233, 251, 168, 103,  30, 139,  72,  25,  45,  33, 165, 141,
      1, 183, 197, 113,  85, 170,  31, 198,  46,  38,  40,  68, 202, 115,  49,  41,
     12, 229, 242, 190, 129,  23, 185, 184,  60, 237,  61,  52,  57,  81, 101,   9,
     94, 213, 227,  11,  93,  97,  58, 110, 133, 144,  29, 123, 204, 175,  54,  50
]

# Comma-separated format:
142, 99, 195, 243, 214, 98, 27, 239, 21, 90, 8, 208, 13, 132, 248, 225, 166, 155, 3, 48, 216, 215, 244, 87, 83, 179, 163, 19, 154, 249, 174, 56, 149, 250, 145, 35, 192, 212, 116, 240, 71, 82, 180, 137, 186, 167, 5, 156, 140, 69, 39, 96, 76, 43, 161, 117, 151, 77, 37, 84, 162, 201, 118, 164, 131, 18, 100, 146, 207, 53, 65, 109, 34, 67, 119, 148, 24, 125, 135, 80, 178, 205, 62, 64, 160, 73, 187, 238, 220, 4, 219, 231, 95, 199, 252, 122, 55, 51, 91, 189, 22, 89, 7, 121, 153, 74, 143, 111, 210, 44, 159, 182, 102, 108, 86, 152, 224, 105, 222, 232, 138, 230, 177, 211, 28, 10, 88, 157, 196, 127, 14, 150, 255, 234, 42, 59, 209, 246, 203, 16, 79, 226, 63, 0, 236, 176, 78, 92, 120, 15, 106, 253, 193, 206, 126, 107, 112, 104, 247, 235, 158, 191, 172, 6, 128, 223, 70, 20, 66, 32, 173, 221, 245, 200, 2, 134, 124, 181, 130, 254, 218, 217, 75, 171, 47, 194, 26, 114, 169, 136, 36, 17, 147, 188, 228, 241, 233, 251, 168, 103, 30, 139, 72, 25, 45, 33, 165, 141, 1, 183, 197, 113, 85, 170, 31, 198, 46, 38, 40, 68, 202, 115, 49, 41, 12, 229, 242, 190, 129, 23, 185, 184, 60, 237, 61, 52, 57, 81, 101, 9, 94, 213, 227, 11, 93, 97, 58, 110, 133, 144, 29, 123, 204, 175, 54, 50
