# Final optimized S-box - THREAD-SAFE VERSION with Early Stopping
# Generated on: 2025-09-15T23:20:01.457
# Format: 16 values per line (256 total)

sbox = UInt8[
      2, 107, 195,  50, 223,  98,  27,  78, 183,  37, 234, 208, 219,  15, 248, 225,
    109,   3, 171, 147, 216, 174, 244,  87, 182,  90, 149,  19,  95, 249, 166,  44,
    163,  49, 145,  71, 192,  93, 160, 240,  85,  82, 154, 137, 186, 167, 100, 156,
    140, 220, 247,  96, 175,  43, 161,  21, 151,  77,  72,  84, 135, 222,  30, 164,
    131, 142,   0, 146, 207, 116,   6, 180,  34,  67, 119, 148,  24,  83,  56,  80,
    178, 205, 255,  64, 241,  73, 187, 150, 239, 212, 201, 231, 243, 199, 252, 115,
     23,  18,  91, 189,  55,  89,   7, 121,  33,  94, 198, 111, 210, 235, 159, 125,
    102, 108,  86,  68, 196, 105,  13, 213, 138, 230,  53, 211,  10,  51,  31, 191,
    224, 127, 113,  20, 157, 194,  42,  99, 209, 246, 203, 176,  79, 226,  63,  70,
    179, 206,  39,  92,  58, 200, 106, 253, 193, 130, 126, 124,  76,  22,  36, 112,
    158,  69, 172,  16, 185, 143,  74, 120, 122, 250,  45, 221, 245, 118, 229, 134,
     14,  59,  65, 232,  41, 184,  75,  28,  47,  48,  26, 114, 177, 136, 117,  17,
    155, 188, 228, 238, 233, 152, 168, 103, 132, 139, 217,  25,  29, 214, 165, 141,
      1,  40, 197, 169,  35, 170, 128, 190,  46,  38,   5, 251, 153,  66, 104, 218,
      4,  11, 242, 202, 129,  32,  88, 236,  12, 237,  61,  52,  57,  81, 101,   9,
    254,  60, 227, 215, 173,  97, 110, 181, 133, 144,   8, 123, 204,  62,  54, 162
]

# Comma-separated format:
2, 107, 195, 50, 223, 98, 27, 78, 183, 37, 234, 208, 219, 15, 248, 225, 109, 3, 171, 147, 216, 174, 244, 87, 182, 90, 149, 19, 95, 249, 166, 44, 163, 49, 145, 71, 192, 93, 160, 240, 85, 82, 154, 137, 186, 167, 100, 156, 140, 220, 247, 96, 175, 43, 161, 21, 151, 77, 72, 84, 135, 222, 30, 164, 131, 142, 0, 146, 207, 116, 6, 180, 34, 67, 119, 148, 24, 83, 56, 80, 178, 205, 255, 64, 241, 73, 187, 150, 239, 212, 201, 231, 243, 199, 252, 115, 23, 18, 91, 189, 55, 89, 7, 121, 33, 94, 198, 111, 210, 235, 159, 125, 102, 108, 86, 68, 196, 105, 13, 213, 138, 230, 53, 211, 10, 51, 31, 191, 224, 127, 113, 20, 157, 194, 42, 99, 209, 246, 203, 176, 79, 226, 63, 70, 179, 206, 39, 92, 58, 200, 106, 253, 193, 130, 126, 124, 76, 22, 36, 112, 158, 69, 172, 16, 185, 143, 74, 120, 122, 250, 45, 221, 245, 118, 229, 134, 14, 59, 65, 232, 41, 184, 75, 28, 47, 48, 26, 114, 177, 136, 117, 17, 155, 188, 228, 238, 233, 152, 168, 103, 132, 139, 217, 25, 29, 214, 165, 141, 1, 40, 197, 169, 35, 170, 128, 190, 46, 38, 5, 251, 153, 66, 104, 218, 4, 11, 242, 202, 129, 32, 88, 236, 12, 237, 61, 52, 57, 81, 101, 9, 254, 60, 227, 215, 173, 97, 110, 181, 133, 144, 8, 123, 204, 62, 54, 162
