# Final optimized S-box - THREAD-SAFE VERSION with Early Stopping
# Generated on: 2025-09-23T17:13:48.728
# Format: 16 values per line (256 total)

sbox = UInt8[
    105, 130, 214,   1,  26, 235,  21,  91,  46, 248, 151,  44,  86, 211, 200, 254,
    127,  55, 174,   0, 232, 216,  53, 207, 230, 112, 255,  59, 231, 221, 252, 229,
     79,  34, 122, 120,  41, 196, 143, 183, 188, 203,  73, 170,  51, 239,  52, 118,
    192,  60, 224, 241, 167,  14,  29,  30, 124, 173, 113,  27,  54, 185, 135,  69,
     93,  45,  99, 184, 205, 243,  12,  31, 149, 179, 129, 212,  22,  92,  71,   2,
    108,  16, 107,  96, 247,  32,   3,  33, 177, 201, 145,  83,  85, 171,  28,  98,
    128,  68, 126, 237, 223, 115,  87,  90, 215,  76,   9,   7, 250, 172,  94,  82,
     39,  17,  67,  57, 220, 142,  74, 197, 117, 100, 251, 219,  89, 166, 132, 163,
     84, 133, 164,  38,  88, 195, 222,  61,  35,  70,  77, 208,  78, 168,  18, 228,
    138, 217,  58, 136, 109, 162, 169,  97, 236, 148, 210,  24, 226, 176, 202, 111,
    114,   8, 209, 144, 125, 159, 116,  11, 191, 182, 180,  13, 253, 102,  40,  64,
    131, 206,  25, 153,  20, 233,  56, 147, 181, 249, 213, 234,  81, 137, 150,  36,
     10, 225,  19,  15, 110, 119, 152, 101, 158, 198, 139,  63, 246,  23, 123, 103,
    218, 161, 160, 121, 140, 242, 146, 178,  66, 104,  50,  43, 227, 240, 204, 245,
     80,   6, 165,  48, 134,   5,  75, 194, 187,  65, 189, 244,  49,  95, 157,   4,
     47,  72, 238, 154,  37, 156, 199, 141, 175,  62, 106, 186,  42, 155, 193, 190
]

# Comma-separated format:
105, 130, 214, 1, 26, 235, 21, 91, 46, 248, 151, 44, 86, 211, 200, 254, 127, 55, 174, 0, 232, 216, 53, 207, 230, 112, 255, 59, 231, 221, 252, 229, 79, 34, 122, 120, 41, 196, 143, 183, 188, 203, 73, 170, 51, 239, 52, 118, 192, 60, 224, 241, 167, 14, 29, 30, 124, 173, 113, 27, 54, 185, 135, 69, 93, 45, 99, 184, 205, 243, 12, 31, 149, 179, 129, 212, 22, 92, 71, 2, 108, 16, 107, 96, 247, 32, 3, 33, 177, 201, 145, 83, 85, 171, 28, 98, 128, 68, 126, 237, 223, 115, 87, 90, 215, 76, 9, 7, 250, 172, 94, 82, 39, 17, 67, 57, 220, 142, 74, 197, 117, 100, 251, 219, 89, 166, 132, 163, 84, 133, 164, 38, 88, 195, 222, 61, 35, 70, 77, 208, 78, 168, 18, 228, 138, 217, 58, 136, 109, 162, 169, 97, 236, 148, 210, 24, 226, 176, 202, 111, 114, 8, 209, 144, 125, 159, 116, 11, 191, 182, 180, 13, 253, 102, 40, 64, 131, 206, 25, 153, 20, 233, 56, 147, 181, 249, 213, 234, 81, 137, 150, 36, 10, 225, 19, 15, 110, 119, 152, 101, 158, 198, 139, 63, 246, 23, 123, 103, 218, 161, 160, 121, 140, 242, 146, 178, 66, 104, 50, 43, 227, 240, 204, 245, 80, 6, 165, 48, 134, 5, 75, 194, 187, 65, 189, 244, 49, 95, 157, 4, 47, 72, 238, 154, 37, 156, 199, 141, 175, 62, 106, 186, 42, 155, 193, 190
