# Final optimized S-box - THREAD-SAFE VERSION with Early Stopping
# Generated on: 2025-09-15T17:37:50.737
# Format: 16 values per line (256 total)

sbox = UInt8[
    142, 123, 195, 243, 214,  98,  27,  33, 183,  80,   8, 208,  46,  21, 248, 225,
    166, 217, 218, 109, 128, 174, 156,  35,  69, 134, 163,  19, 154, 249,  11,  44,
    149,  49, 145,  71, 219,  93, 116, 173,  85,  82, 180,  24, 186,  31, 234, 167,
    140, 177, 247, 131,  76,  43, 161, 245, 151,  86,   4,  84, 146, 216,  15, 164,
     32,  10,   0, 138, 207,  53,  65,  97,  61,  67, 119, 148,  37, 125, 135,  39,
    178, 205, 152,  64,  83,  73, 187, 150, 220, 212, 155, 231,  95, 199, 252, 122,
     12,  18,  91, 189,  55,  89,   7, 121,  78,  94, 143, 111, 210, 235, 159, 136,
    102, 108,  77, 255, 160, 105,  13, 232, 147, 230, 224, 211, 107,  51, 185, 157,
    196, 127,  38, 162, 175, 100,  42,  59, 209, 246, 203,   2,  79, 226,  63,  70,
    179, 176, 137,  92, 120, 200,  54, 253, 193, 206, 126,  99,  56,  22,  36, 112,
    204, 239,  74, 188, 241,  17, 223,  20,  66, 250,  75, 221, 165, 118,   6, 117,
    124, 113, 130, 238,  41, 184, 201,  28,  47,  48,  26, 114, 169, 182,  87, 172,
    191,  16, 228, 244, 233,  34, 168, 103,  30, 139,  72,  25,  29, 202,  68, 141,
      1,  40, 197, 213,  23, 170,   3, 198,  14, 237,   5, 251, 153, 115, 104,  88,
    236, 229, 242, 190, 129,  96,  90, 192, 171, 222, 132,  52,  57,  81, 101,   9,
    254,  60, 227, 215, 240,  45,  58, 181, 133, 144, 194, 110, 158,  62, 106,  50
]

# Comma-separated format:
142, 123, 195, 243, 214, 98, 27, 33, 183, 80, 8, 208, 46, 21, 248, 225, 166, 217, 218, 109, 128, 174, 156, 35, 69, 134, 163, 19, 154, 249, 11, 44, 149, 49, 145, 71, 219, 93, 116, 173, 85, 82, 180, 24, 186, 31, 234, 167, 140, 177, 247, 131, 76, 43, 161, 245, 151, 86, 4, 84, 146, 216, 15, 164, 32, 10, 0, 138, 207, 53, 65, 97, 61, 67, 119, 148, 37, 125, 135, 39, 178, 205, 152, 64, 83, 73, 187, 150, 220, 212, 155, 231, 95, 199, 252, 122, 12, 18, 91, 189, 55, 89, 7, 121, 78, 94, 143, 111, 210, 235, 159, 136, 102, 108, 77, 255, 160, 105, 13, 232, 147, 230, 224, 211, 107, 51, 185, 157, 196, 127, 38, 162, 175, 100, 42, 59, 209, 246, 203, 2, 79, 226, 63, 70, 179, 176, 137, 92, 120, 200, 54, 253, 193, 206, 126, 99, 56, 22, 36, 112, 204, 239, 74, 188, 241, 17, 223, 20, 66, 250, 75, 221, 165, 118, 6, 117, 124, 113, 130, 238, 41, 184, 201, 28, 47, 48, 26, 114, 169, 182, 87, 172, 191, 16, 228, 244, 233, 34, 168, 103, 30, 139, 72, 25, 29, 202, 68, 141, 1, 40, 197, 213, 23, 170, 3, 198, 14, 237, 5, 251, 153, 115, 104, 88, 236, 229, 242, 190, 129, 96, 90, 192, 171, 222, 132, 52, 57, 81, 101, 9, 254, 60, 227, 215, 240, 45, 58, 181, 133, 144, 194, 110, 158, 62, 106, 50
