# Final optimized S-box - THREAD-SAFE VERSION with Early Stopping
# Generated on: 2025-09-15T20:39:37.193
# Format: 16 values per line (256 total)

sbox = UInt8[
    142, 107, 137, 243, 222,  98, 214, 131, 183,  37,   8, 136, 176, 132,  24, 225,
    166,  11,  35,  45, 216, 174, 244,  87,  47, 217, 220,  19, 193,  31, 108,  44,
    149,  49, 145, 156, 192,  93, 116, 240, 188,  82, 180,  81, 143,  95, 100,  71,
    140,  28, 247,  50,  76,  43, 161,  21, 151, 189,  90,  84, 191, 201,  15, 164,
    235, 197,   0, 146, 207,  53, 163,  13, 181,  67, 119, 148,   5, 125, 135,  80,
    178, 205, 255,  64, 177,  73, 187, 150,  65, 212,  62, 231, 185, 199, 252, 122,
     23,  18,  91,   9,  55,  89,   7,  59,  33,  94,  69, 111, 210, 144,  68, 182,
     38,  17,  86, 152, 160, 105, 153, 232, 138, 230, 224, 211, 110,  78, 167, 157,
    196, 127,  14, 141, 175, 234,  42, 250, 209,  74, 203,   6,  79, 226,  63,  70,
    179,  27,  39,  32, 120, 200, 106, 253, 154, 206, 126, 134,  56,  46,  36, 112,
    158, 239, 172,  16, 128, 223,  85,  20,  66, 121, 155, 221, 245, 118,  51,  99,
    124, 113, 130, 238,  41, 184,  75,   4,  83,  48,  26, 114, 169, 208, 117,   3,
    147, 246, 228, 241, 233, 159, 168, 103,  88, 162,  72,  25,  29, 202, 165, 173,
    139,  40, 229, 213, 186, 170, 249,  10,  22, 102, 248, 251, 109, 115, 104, 218,
     12, 198, 242, 190, 129,  30,  92, 236, 171, 237,  61,  52,  57, 195, 101,  77,
    254,  60, 227, 215,   1,  97,  58,  34, 133,   2, 194, 123, 204, 219,  54,  96
]

# Comma-separated format:
142, 107, 137, 243, 222, 98, 214, 131, 183, 37, 8, 136, 176, 132, 24, 225, 166, 11, 35, 45, 216, 174, 244, 87, 47, 217, 220, 19, 193, 31, 108, 44, 149, 49, 145, 156, 192, 93, 116, 240, 188, 82, 180, 81, 143, 95, 100, 71, 140, 28, 247, 50, 76, 43, 161, 21, 151, 189, 90, 84, 191, 201, 15, 164, 235, 197, 0, 146, 207, 53, 163, 13, 181, 67, 119, 148, 5, 125, 135, 80, 178, 205, 255, 64, 177, 73, 187, 150, 65, 212, 62, 231, 185, 199, 252, 122, 23, 18, 91, 9, 55, 89, 7, 59, 33, 94, 69, 111, 210, 144, 68, 182, 38, 17, 86, 152, 160, 105, 153, 232, 138, 230, 224, 211, 110, 78, 167, 157, 196, 127, 14, 141, 175, 234, 42, 250, 209, 74, 203, 6, 79, 226, 63, 70, 179, 27, 39, 32, 120, 200, 106, 253, 154, 206, 126, 134, 56, 46, 36, 112, 158, 239, 172, 16, 128, 223, 85, 20, 66, 121, 155, 221, 245, 118, 51, 99, 124, 113, 130, 238, 41, 184, 75, 4, 83, 48, 26, 114, 169, 208, 117, 3, 147, 246, 228, 241, 233, 159, 168, 103, 88, 162, 72, 25, 29, 202, 165, 173, 139, 40, 229, 213, 186, 170, 249, 10, 22, 102, 248, 251, 109, 115, 104, 218, 12, 198, 242, 190, 129, 30, 92, 236, 171, 237, 61, 52, 57, 195, 101, 77, 254, 60, 227, 215, 1, 97, 58, 34, 133, 2, 194, 123, 204, 219, 54, 96
