# Final optimized S-box - THREAD-SAFE VERSION with Early Stopping
# Generated on: 2025-09-15T08:09:33.891
# Format: 16 values per line (256 total)

sbox = UInt8[
    142, 107, 195, 243, 214,  98,  33,  78, 183,  18,   8, 208, 222, 132, 240, 210,
    166,   3, 206,  45, 199, 174, 244,  87,  82, 217, 117,  19, 154, 249,  11,  44,
    149,  49, 145,  83, 192,  93, 116,  97,  85,  71, 180, 137, 220, 167,  64, 215,
    140,  69, 134,  96,  59, 193, 161,  21, 151,  77,  90,  84, 207, 201,  15, 164,
    131, 156,   0, 146,  68,  53,  65, 189,  34,  38, 119, 148,  24, 236, 135,  80,
    178, 205, 255, 136, 186, 162, 187, 101,  41, 212, 219, 231,  95, 239, 252, 122,
     23,  37,  91, 121,  55,  89,   7, 109,  17,  94, 143, 111, 229, 179, 159, 182,
    102, 108,  86, 125, 160, 105,  13, 232, 138, 230, 224, 211, 110,  51, 185, 157,
    196, 127,  14,  73, 173, 106,  42,  39, 209, 246, 203,  72, 150, 226,  63,  70,
    253, 176,  76,  92, 120, 200,  79, 235,  48,  50, 126,  99, 100,  22,  36, 112,
    158, 114, 172,  16,  31, 223,  74,  20,  66, 250, 155, 221, 245, 118,   2, 247,
    124, 113, 130, 238, 177, 184,  75,  28,  47,  43,  26, 169, 216, 128, 225,  27,
    147, 188, 228, 241, 163, 191, 168, 103, 204, 139,   6,  25, 213, 202, 165, 141,
      1,  40, 197, 234,  35, 170,  56, 198,  46,  67,   5, 251, 153, 115, 104, 218,
     12, 175, 242, 190, 129,  32,  88, 152, 171, 237, 233,  52,  57,  81,  29,   9,
    254,  30, 227,  10,  61, 248,  58, 181, 133, 144, 194, 123,  60,  62,  54,   4
]

# Comma-separated format:
142, 107, 195, 243, 214, 98, 33, 78, 183, 18, 8, 208, 222, 132, 240, 210, 166, 3, 206, 45, 199, 174, 244, 87, 82, 217, 117, 19, 154, 249, 11, 44, 149, 49, 145, 83, 192, 93, 116, 97, 85, 71, 180, 137, 220, 167, 64, 215, 140, 69, 134, 96, 59, 193, 161, 21, 151, 77, 90, 84, 207, 201, 15, 164, 131, 156, 0, 146, 68, 53, 65, 189, 34, 38, 119, 148, 24, 236, 135, 80, 178, 205, 255, 136, 186, 162, 187, 101, 41, 212, 219, 231, 95, 239, 252, 122, 23, 37, 91, 121, 55, 89, 7, 109, 17, 94, 143, 111, 229, 179, 159, 182, 102, 108, 86, 125, 160, 105, 13, 232, 138, 230, 224, 211, 110, 51, 185, 157, 196, 127, 14, 73, 173, 106, 42, 39, 209, 246, 203, 72, 150, 226, 63, 70, 253, 176, 76, 92, 120, 200, 79, 235, 48, 50, 126, 99, 100, 22, 36, 112, 158, 114, 172, 16, 31, 223, 74, 20, 66, 250, 155, 221, 245, 118, 2, 247, 124, 113, 130, 238, 177, 184, 75, 28, 47, 43, 26, 169, 216, 128, 225, 27, 147, 188, 228, 241, 163, 191, 168, 103, 204, 139, 6, 25, 213, 202, 165, 141, 1, 40, 197, 234, 35, 170, 56, 198, 46, 67, 5, 251, 153, 115, 104, 218, 12, 175, 242, 190, 129, 32, 88, 152, 171, 237, 233, 52, 57, 81, 29, 9, 254, 30, 227, 10, 61, 248, 58, 181, 133, 144, 194, 123, 60, 62, 54, 4
