# Final optimized S-box - THREAD-SAFE VERSION with Early Stopping
# Generated on: 2025-09-15T19:09:52.218
# Format: 16 values per line (256 total)

sbox = UInt8[
    142, 107, 108, 243,  79,  98,  27,  78,  72,  84, 138, 135, 139, 132, 248, 225,
    166,   3,   4,  45, 216, 101, 244,  87,  83, 217,  33,  19, 154, 249,  11,  44,
     35,  48, 214,  71, 192,  93, 116,  12,  85,  82, 180, 168, 186, 247, 100, 156,
    140, 122, 167,  96,  76,  43, 160,  21, 151,  77,  30,  37, 191, 201,  15, 164,
    137,  10,  68, 146, 207,  53,  65, 109,  34,  67, 119, 148,  24, 251, 208,  80,
    236, 205, 255,  64, 177, 224, 105, 150, 220, 212, 219,  51,  94, 199, 252,  69,
     17, 174,  91, 125, 230,  89,   7, 121, 227, 213, 143, 111, 210, 235, 159, 222,
    102,  22, 206, 181, 162, 187,  13, 232, 131,  55, 197, 211, 110,  46, 185, 245,
    196, 127,  14, 128, 175, 234,  66, 176, 209, 130, 203,   6, 179, 178,  63,  70,
    198, 173,  39,  92, 120, 200, 104, 253, 193, 149, 126,  99,  56, 195,  36, 112,
    158, 239, 172, 218,  31, 223,  74,  20,  42, 250, 155, 221, 157, 118,   2, 134,
    124, 113, 202, 238,  23, 184,  75,  28,  47,  32,  26, 114, 169, 136, 117,  41,
    147, 188, 228, 241, 233,   0,   8, 103,  90, 182, 183,  25,  29, 240, 165, 141,
      1,  40,  73,  95,  88, 170, 161,  16, 231,  38,   5, 189, 153, 115, 106, 145,
    246, 229, 242, 190, 129,  49,  86, 226, 171, 237,  61,  52,  57,  81,  18,   9,
    254,  60, 163, 215,  58,  97,  59, 152, 133, 144, 194, 123, 204,  62,  54,  50
]

# Comma-separated format:
142, 107, 108, 243, 79, 98, 27, 78, 72, 84, 138, 135, 139, 132, 248, 225, 166, 3, 4, 45, 216, 101, 244, 87, 83, 217, 33, 19, 154, 249, 11, 44, 35, 48, 214, 71, 192, 93, 116, 12, 85, 82, 180, 168, 186, 247, 100, 156, 140, 122, 167, 96, 76, 43, 160, 21, 151, 77, 30, 37, 191, 201, 15, 164, 137, 10, 68, 146, 207, 53, 65, 109, 34, 67, 119, 148, 24, 251, 208, 80, 236, 205, 255, 64, 177, 224, 105, 150, 220, 212, 219, 51, 94, 199, 252, 69, 17, 174, 91, 125, 230, 89, 7, 121, 227, 213, 143, 111, 210, 235, 159, 222, 102, 22, 206, 181, 162, 187, 13, 232, 131, 55, 197, 211, 110, 46, 185, 245, 196, 127, 14, 128, 175, 234, 66, 176, 209, 130, 203, 6, 179, 178, 63, 70, 198, 173, 39, 92, 120, 200, 104, 253, 193, 149, 126, 99, 56, 195, 36, 112, 158, 239, 172, 218, 31, 223, 74, 20, 42, 250, 155, 221, 157, 118, 2, 134, 124, 113, 202, 238, 23, 184, 75, 28, 47, 32, 26, 114, 169, 136, 117, 41, 147, 188, 228, 241, 233, 0, 8, 103, 90, 182, 183, 25, 29, 240, 165, 141, 1, 40, 73, 95, 88, 170, 161, 16, 231, 38, 5, 189, 153, 115, 106, 145, 246, 229, 242, 190, 129, 49, 86, 226, 171, 237, 61, 52, 57, 81, 18, 9, 254, 60, 163, 215, 58, 97, 59, 152, 133, 144, 194, 123, 204, 62, 54, 50
