# Final optimized S-box - THREAD-SAFE VERSION with Early Stopping
# Generated on: 2025-09-23T11:03:33.301
# Format: 16 values per line (256 total)

sbox = UInt8[
    170, 107, 150, 243, 214,  98,   8, 248, 183,  37,  27, 208, 222, 132, 205, 225,
    166,   3,   4, 119, 184, 174, 244, 101,  83, 217, 163, 156, 154, 249, 198, 102,
     19,  49, 145,  71, 192,  93, 216,  62,  85,  82, 180, 137, 186,  81, 100, 149,
     24, 185,  23, 162,  76,  43, 161,  21, 240,  77, 229,  84, 191, 142,  15, 164,
    195,  10,   0,  66, 193,  50,  35, 109,  34,  67,  64, 189, 155, 125, 135,  80,
    178,  78,  18, 220, 177,  73, 187, 131, 223, 212, 219, 197,  95, 130, 252, 122,
     69, 255,  91,  45,  55,  65,   7, 143,  33,  94, 121, 213, 210, 235, 159, 182,
    245, 188,  86, 152, 160,  72, 228, 232, 138, 230, 224, 211, 110,  51, 247,  90,
    231, 127,  14, 108, 175, 234,  42,  59, 209, 246,  87,   6,  79,  96, 151,  70,
    179, 176,  39,  44, 116, 200,  92, 253, 207, 206, 126,  99, 106,  22,  36, 112,
    158, 239, 172,  16,  57,  11,  74,  20, 146, 250, 140, 221,  47,  40,   2, 134,
    124, 113,  31, 148,  41, 120,  75,  28,  56,  48,  26, 114, 169,  63, 117,  17,
    147, 157,  13, 241, 233,  68, 168, 103,  30, 139, 105,  25,  29, 202, 165, 141,
      1, 190, 196, 111,  97, 201,  54, 238,  46,  38,   5, 251, 153, 115, 104, 218,
     12, 226, 242, 118, 129,  32,  88, 215, 171, 237,  61,  52, 199, 167, 203,   9,
    254,  60, 227, 236, 173,  53,  58, 181, 133, 144, 194, 123, 204, 136, 128,  89
]

# Comma-separated format:
170, 107, 150, 243, 214, 98, 8, 248, 183, 37, 27, 208, 222, 132, 205, 225, 166, 3, 4, 119, 184, 174, 244, 101, 83, 217, 163, 156, 154, 249, 198, 102, 19, 49, 145, 71, 192, 93, 216, 62, 85, 82, 180, 137, 186, 81, 100, 149, 24, 185, 23, 162, 76, 43, 161, 21, 240, 77, 229, 84, 191, 142, 15, 164, 195, 10, 0, 66, 193, 50, 35, 109, 34, 67, 64, 189, 155, 125, 135, 80, 178, 78, 18, 220, 177, 73, 187, 131, 223, 212, 219, 197, 95, 130, 252, 122, 69, 255, 91, 45, 55, 65, 7, 143, 33, 94, 121, 213, 210, 235, 159, 182, 245, 188, 86, 152, 160, 72, 228, 232, 138, 230, 224, 211, 110, 51, 247, 90, 231, 127, 14, 108, 175, 234, 42, 59, 209, 246, 87, 6, 79, 96, 151, 70, 179, 176, 39, 44, 116, 200, 92, 253, 207, 206, 126, 99, 106, 22, 36, 112, 158, 239, 172, 16, 57, 11, 74, 20, 146, 250, 140, 221, 47, 40, 2, 134, 124, 113, 31, 148, 41, 120, 75, 28, 56, 48, 26, 114, 169, 63, 117, 17, 147, 157, 13, 241, 233, 68, 168, 103, 30, 139, 105, 25, 29, 202, 165, 141, 1, 190, 196, 111, 97, 201, 54, 238, 46, 38, 5, 251, 153, 115, 104, 218, 12, 226, 242, 118, 129, 32, 88, 215, 171, 237, 61, 52, 199, 167, 203, 9, 254, 60, 227, 236, 173, 53, 58, 181, 133, 144, 194, 123, 204, 136, 128, 89
