# Final optimized S-box - THREAD-SAFE VERSION with Early Stopping
# Generated on: 2025-09-15T06:17:26.003
# Format: 16 values per line (256 total)

sbox = UInt8[
    156, 100, 195, 243, 214,  98,  27, 102, 183,  68,   8, 208, 222, 132, 248, 225,
     36,   3,   4, 240, 179, 174, 170,  87,  83,  71, 163, 176, 217, 106,  11,  44,
    149,  49, 145, 249, 192,  22, 116,  24,  85,  82, 180, 155, 220,  45, 166, 142,
    140,  59, 247,  96,  76,  43, 161,  21, 151,  77,  90,  84, 207, 231, 213,  78,
    131,  10,  69, 146,  41,  53,  65, 164,  92,  38, 119, 148,  75, 125, 135,  80,
    178, 205, 153,  64, 186,  73, 187, 150, 177, 212, 219, 201,  95, 199, 252, 122,
     23,  37, 114, 184,  55,  89,   7, 121,  33,  94, 143, 111, 210, 235, 159,  93,
    109, 108,  74, 152, 160, 105,  13, 232, 138, 230, 224, 211, 110,  51, 185, 157,
    196, 127,  14, 162, 175, 234,  42,  19, 209, 246, 203,   6, 117, 226,  63,  70,
     91, 154,  39, 237, 120, 200, 242, 253, 251, 206,  79,  99,  56, 182, 107, 112,
    158, 239, 172,  16,  31, 223, 101,  20,  66, 250, 191, 221, 245, 118,   2, 134,
    124, 244, 130, 238, 255, 188, 167,  28,  47,  48,  26, 169, 216,   0, 126, 194,
    147, 189, 228, 241, 233,  18, 168, 103,  30, 139, 144,  25,  29, 202, 165, 141,
      1,  40, 197,  32,  35, 113, 128, 198,  46,  67,   5, 229, 137, 115, 104, 218,
     12, 193, 123, 190, 129,  15,  88, 236, 171,  86,  61,  52,  57,  81,  72,   9,
    254,  60, 227, 215, 173,  97,  58, 181, 133,  34,  17, 136, 204,  62,  54,  50
]

# Comma-separated format:
156, 100, 195, 243, 214, 98, 27, 102, 183, 68, 8, 208, 222, 132, 248, 225, 36, 3, 4, 240, 179, 174, 170, 87, 83, 71, 163, 176, 217, 106, 11, 44, 149, 49, 145, 249, 192, 22, 116, 24, 85, 82, 180, 155, 220, 45, 166, 142, 140, 59, 247, 96, 76, 43, 161, 21, 151, 77, 90, 84, 207, 231, 213, 78, 131, 10, 69, 146, 41, 53, 65, 164, 92, 38, 119, 148, 75, 125, 135, 80, 178, 205, 153, 64, 186, 73, 187, 150, 177, 212, 219, 201, 95, 199, 252, 122, 23, 37, 114, 184, 55, 89, 7, 121, 33, 94, 143, 111, 210, 235, 159, 93, 109, 108, 74, 152, 160, 105, 13, 232, 138, 230, 224, 211, 110, 51, 185, 157, 196, 127, 14, 162, 175, 234, 42, 19, 209, 246, 203, 6, 117, 226, 63, 70, 91, 154, 39, 237, 120, 200, 242, 253, 251, 206, 79, 99, 56, 182, 107, 112, 158, 239, 172, 16, 31, 223, 101, 20, 66, 250, 191, 221, 245, 118, 2, 134, 124, 244, 130, 238, 255, 188, 167, 28, 47, 48, 26, 169, 216, 0, 126, 194, 147, 189, 228, 241, 233, 18, 168, 103, 30, 139, 144, 25, 29, 202, 165, 141, 1, 40, 197, 32, 35, 113, 128, 198, 46, 67, 5, 229, 137, 115, 104, 218, 12, 193, 123, 190, 129, 15, 88, 236, 171, 86, 61, 52, 57, 81, 72, 9, 254, 60, 227, 215, 173, 97, 58, 181, 133, 34, 17, 136, 204, 62, 54, 50
