# Final optimized S-box - THREAD-SAFE VERSION with Early Stopping
# Generated on: 2025-09-10T13:49:10.526
# Format: 16 values per line (256 total)

sbox = UInt8[
    115, 234, 219, 191, 231, 152,  45, 240, 161, 227, 116,  88,  93, 159, 210, 199,
      9, 250,  36, 249,  62, 185, 221,  26, 170,  14, 209,  21,  57, 184,  44, 114,
     85,  48,  87,  89,  98, 180,  23,  69, 216, 155,  15, 251, 147,   3,   5,  17,
    131,  91, 239, 197,  37,  81, 189, 143, 253,  66,  18, 211,  92,  58,  80, 146,
    168, 128,  70,  54, 151, 252,  67,  46, 201,   6, 217, 176, 157, 103,  11, 238,
      0, 186, 187, 182,  96,  71, 222,  28,  65,  27, 123, 248,  79,  94, 174, 233,
      4, 188,  82, 205,  95, 163,   8, 243,  33,  47, 154, 110,  13,  39,  84, 246,
     72, 108, 162, 100, 254,  31, 111, 244,  99, 145,  38,  60, 228,  25, 196, 175,
    183, 134, 195,  64, 142, 203,  53,  24,  10, 194,  50,  75, 214, 118, 255, 105,
     34, 153, 247, 229, 141, 102, 112,  30,  90, 106,  86, 220, 138, 135, 127,  20,
    226,  12, 200,  74,  55,  59,  19,  43, 121, 126, 207, 124,  16, 109,  77, 140,
     78, 236, 164, 193,  83, 144, 171, 192, 149, 132,  32, 165,  73,  97, 213, 125,
    172, 139,  49, 232, 178,  42, 107, 129, 181, 120,  63, 242,   2, 218,  41,  56,
    225, 237,  29, 206, 204, 208,   1, 133,  40, 119,  51, 224, 130, 158, 190, 136,
    160, 173, 156, 104, 137, 177, 245, 179, 166, 212,  35, 150,   7,  52, 117, 198,
     76, 148, 235, 167, 202, 113,  61,  68, 169, 241, 101, 122, 230, 223, 215,  22
]

# Comma-separated format:
115, 234, 219, 191, 231, 152, 45, 240, 161, 227, 116, 88, 93, 159, 210, 199, 9, 250, 36, 249, 62, 185, 221, 26, 170, 14, 209, 21, 57, 184, 44, 114, 85, 48, 87, 89, 98, 180, 23, 69, 216, 155, 15, 251, 147, 3, 5, 17, 131, 91, 239, 197, 37, 81, 189, 143, 253, 66, 18, 211, 92, 58, 80, 146, 168, 128, 70, 54, 151, 252, 67, 46, 201, 6, 217, 176, 157, 103, 11, 238, 0, 186, 187, 182, 96, 71, 222, 28, 65, 27, 123, 248, 79, 94, 174, 233, 4, 188, 82, 205, 95, 163, 8, 243, 33, 47, 154, 110, 13, 39, 84, 246, 72, 108, 162, 100, 254, 31, 111, 244, 99, 145, 38, 60, 228, 25, 196, 175, 183, 134, 195, 64, 142, 203, 53, 24, 10, 194, 50, 75, 214, 118, 255, 105, 34, 153, 247, 229, 141, 102, 112, 30, 90, 106, 86, 220, 138, 135, 127, 20, 226, 12, 200, 74, 55, 59, 19, 43, 121, 126, 207, 124, 16, 109, 77, 140, 78, 236, 164, 193, 83, 144, 171, 192, 149, 132, 32, 165, 73, 97, 213, 125, 172, 139, 49, 232, 178, 42, 107, 129, 181, 120, 63, 242, 2, 218, 41, 56, 225, 237, 29, 206, 204, 208, 1, 133, 40, 119, 51, 224, 130, 158, 190, 136, 160, 173, 156, 104, 137, 177, 245, 179, 166, 212, 35, 150, 7, 52, 117, 198, 76, 148, 235, 167, 202, 113, 61, 68, 169, 241, 101, 122, 230, 223, 215, 22
