# Final optimized S-box - THREAD-SAFE VERSION with Early Stopping
# Generated on: 2025-09-21T18:26:34.388
# Format: 16 values per line (256 total)

sbox = UInt8[
    142, 107, 198, 243, 214,  98,  27,  78, 163,  18,   8, 201, 222, 132, 248, 225,
    166, 194,   4, 210, 114, 174, 244,  87,  83,  28, 183,  19, 202, 249,  11,  62,
      6,  49, 145, 232,  39,  95, 116, 240,  85,  82, 180, 137, 220, 146, 100, 156,
    140,  69, 161,  96,  76,  43, 231,  21, 151,  63,  90,  84, 207, 204, 115, 144,
    131,  10,   0, 229,  41, 245,  65, 150,  34,  38, 119,  74,  89, 153, 135,  80,
    178, 205, 255,  64, 186,  73, 187,  13, 177, 212, 219, 247,  23, 199, 252, 122,
     68,  40,  91, 189,  55,  24,   7, 121,  33,  94, 143, 111,  45, 235,  93,   9,
    102, 108,  86, 152, 160, 105, 149,  58, 138, 230, 224, 211, 110,  51, 191, 157,
    196, 127,  14, 167, 175, 234,  42,  59, 209, 246, 203, 109,  79, 192,  61,  70,
    179, 176, 162,  92, 120, 200,  77,  44, 185, 206, 126,  99,  56,  22,  36, 112,
    158,  75, 172,  16,  31, 223, 148,  20,  66, 250, 155, 221, 253, 118,  81, 134,
    124, 113, 130, 237, 251, 184, 239, 193,  47,  48,  26, 169, 216, 136, 117,  17,
    147, 188, 228, 241, 233, 208, 168, 103,  30, 139,  72,  25,  29, 154, 165, 141,
      1,  37, 164, 106,  35, 195, 128, 170,  46,  67,   5, 217, 125,  15, 104, 218,
     12,  53, 242, 190, 129,  32,  88, 236, 171, 238, 213,  52,  57,   2, 101, 182,
    254,  60, 227, 215, 173,  97,  71, 181, 133, 159,   3, 123, 197, 226,  54,  50
]

# Comma-separated format:
142, 107, 198, 243, 214, 98, 27, 78, 163, 18, 8, 201, 222, 132, 248, 225, 166, 194, 4, 210, 114, 174, 244, 87, 83, 28, 183, 19, 202, 249, 11, 62, 6, 49, 145, 232, 39, 95, 116, 240, 85, 82, 180, 137, 220, 146, 100, 156, 140, 69, 161, 96, 76, 43, 231, 21, 151, 63, 90, 84, 207, 204, 115, 144, 131, 10, 0, 229, 41, 245, 65, 150, 34, 38, 119, 74, 89, 153, 135, 80, 178, 205, 255, 64, 186, 73, 187, 13, 177, 212, 219, 247, 23, 199, 252, 122, 68, 40, 91, 189, 55, 24, 7, 121, 33, 94, 143, 111, 45, 235, 93, 9, 102, 108, 86, 152, 160, 105, 149, 58, 138, 230, 224, 211, 110, 51, 191, 157, 196, 127, 14, 167, 175, 234, 42, 59, 209, 246, 203, 109, 79, 192, 61, 70, 179, 176, 162, 92, 120, 200, 77, 44, 185, 206, 126, 99, 56, 22, 36, 112, 158, 75, 172, 16, 31, 223, 148, 20, 66, 250, 155, 221, 253, 118, 81, 134, 124, 113, 130, 237, 251, 184, 239, 193, 47, 48, 26, 169, 216, 136, 117, 17, 147, 188, 228, 241, 233, 208, 168, 103, 30, 139, 72, 25, 29, 154, 165, 141, 1, 37, 164, 106, 35, 195, 128, 170, 46, 67, 5, 217, 125, 15, 104, 218, 12, 53, 242, 190, 129, 32, 88, 236, 171, 238, 213, 52, 57, 2, 101, 182, 254, 60, 227, 215, 173, 97, 71, 181, 133, 159, 3, 123, 197, 226, 54, 50
