# Final optimized S-box - THREAD-SAFE VERSION with Early Stopping
# Generated on: 2025-09-15T20:21:37.428
# Format: 16 values per line (256 total)

sbox = UInt8[
    142, 107, 195, 227, 234,  98,  37, 245, 183,  27, 215, 147, 222, 132, 248, 225,
    172,   3, 176,  45, 216, 174, 244,  87, 161, 139, 163,  19,  47,  21,  95,  44,
    149,  49, 145,  71, 192,  93, 150, 240,  85,  82, 180, 137,  15, 146, 100, 156,
    140,  69, 109,  48,  76,  43,  13, 249,  83, 116,  90,  84, 191,  10,  73, 160,
    209, 201,  78, 167, 207, 153, 223, 208,  24, 121, 119, 148,  34,  81, 113,  80,
    178, 205, 255,  64, 177, 123,  41, 236, 221, 212,  56, 231,  11, 199, 252, 122,
     23, 187,  91, 189,  55,  89,  18, 181,  33,  94, 143, 111, 210, 217, 159,  68,
    102, 108,  86, 152, 164, 243, 151,  16, 138, 230, 224, 211,   0,  99, 184, 157,
    196, 127,  14, 162, 175, 232,  42,  59,   9, 246, 203, 219,  79, 226,  63,  70,
    179, 110,  39,  96, 120, 200,   2, 193, 253, 206, 126,  51,   6,  22,  36, 112,
    214, 239, 182, 158,  31,  65,  74,  20,  66, 250, 155,  72,   4, 118,  88, 134,
    124, 135, 130, 238,  53, 185, 105,  28,  62, 166,  26, 114, 169, 136, 117,  67,
    247, 188, 228, 233, 241,  92, 168, 103,  30, 235, 220,  25,  29, 202, 165, 141,
      1,  40, 197, 213,  35, 170, 128, 198,  46,  38,   5, 251,   7, 115, 104, 218,
     12, 229, 242, 154, 129,  32, 106,  77, 171, 237,  61,  52,  57, 125, 101, 131,
    254,  60,  75,   8, 173,  97,  58,  17, 133, 144, 194, 186, 204, 190,  54,  50
]

# Comma-separated format:
142, 107, 195, 227, 234, 98, 37, 245, 183, 27, 215, 147, 222, 132, 248, 225, 172, 3, 176, 45, 216, 174, 244, 87, 161, 139, 163, 19, 47, 21, 95, 44, 149, 49, 145, 71, 192, 93, 150, 240, 85, 82, 180, 137, 15, 146, 100, 156, 140, 69, 109, 48, 76, 43, 13, 249, 83, 116, 90, 84, 191, 10, 73, 160, 209, 201, 78, 167, 207, 153, 223, 208, 24, 121, 119, 148, 34, 81, 113, 80, 178, 205, 255, 64, 177, 123, 41, 236, 221, 212, 56, 231, 11, 199, 252, 122, 23, 187, 91, 189, 55, 89, 18, 181, 33, 94, 143, 111, 210, 217, 159, 68, 102, 108, 86, 152, 164, 243, 151, 16, 138, 230, 224, 211, 0, 99, 184, 157, 196, 127, 14, 162, 175, 232, 42, 59, 9, 246, 203, 219, 79, 226, 63, 70, 179, 110, 39, 96, 120, 200, 2, 193, 253, 206, 126, 51, 6, 22, 36, 112, 214, 239, 182, 158, 31, 65, 74, 20, 66, 250, 155, 72, 4, 118, 88, 134, 124, 135, 130, 238, 53, 185, 105, 28, 62, 166, 26, 114, 169, 136, 117, 67, 247, 188, 228, 233, 241, 92, 168, 103, 30, 235, 220, 25, 29, 202, 165, 141, 1, 40, 197, 213, 35, 170, 128, 198, 46, 38, 5, 251, 7, 115, 104, 218, 12, 229, 242, 154, 129, 32, 106, 77, 171, 237, 61, 52, 57, 125, 101, 131, 254, 60, 75, 8, 173, 97, 58, 17, 133, 144, 194, 186, 204, 190, 54, 50
