# Final optimized S-box - THREAD-SAFE VERSION with Early Stopping
# Generated on: 2025-09-20T15:13:20.293
# Format: 16 values per line (256 total)

sbox = UInt8[
    103, 130, 214,   1, 117, 235,  21,   2,  46,  15, 151,  44,  84, 211, 203, 255,
    127,  55,  19,   0, 232, 216,  53, 207,  32, 112, 222,  59, 231, 248, 252,  40,
    208,  34, 122,  77,  41, 196, 143, 183, 202, 171, 184, 170,  51, 239,  52, 118,
    192,  60, 224, 213, 167, 188,  29,  30, 132, 173,  45,  27,  54, 185, 247, 186,
     92,  83, 100, 221, 205, 243,  12,  31, 149, 106, 129,  73,  48, 223, 212, 166,
    108,  16, 107,  96, 226, 124,   3,  69, 177, 137, 145,   7,  85, 200,  28,  98,
    128,  68, 165, 237,  25, 115,  91,  90, 215,  88,   9,  13, 250, 172,  94,  82,
     99, 197,  67,  57, 220, 142,  74, 168, 176,  39, 251, 219,  89,  42, 230, 163,
    114, 133, 164,  38,  86, 195, 254, 191,  35,  70, 245,  26,  78,  17,  18, 225,
    138, 217,  58, 241, 109,  49, 169,  97,  33, 148, 210,  24, 135, 174,  14, 111,
     47,   8,  22, 144, 125, 236, 116,  11, 156, 162, 180, 228, 253, 102, 136,  64,
    131, 206, 159,  66,  20, 233, 229, 201, 178, 249, 209, 234,  81, 147, 150,  36,
     10, 113,  79,  71, 110, 119, 152, 101, 158, 198, 139,  63, 246,  23, 105, 123,
    218, 161, 190, 121, 140, 242, 146,  61,  56, 104,  50, 179, 227, 240, 204, 120,
     37,   6, 126, 155, 134,   5,  75, 194, 187,  65, 160, 244, 182,  95, 157,   4,
     76,  72, 238,  87,  80, 181, 199,  93, 175,  62, 154, 141,  43, 153, 193, 189
]

# Comma-separated format:
103, 130, 214, 1, 117, 235, 21, 2, 46, 15, 151, 44, 84, 211, 203, 255, 127, 55, 19, 0, 232, 216, 53, 207, 32, 112, 222, 59, 231, 248, 252, 40, 208, 34, 122, 77, 41, 196, 143, 183, 202, 171, 184, 170, 51, 239, 52, 118, 192, 60, 224, 213, 167, 188, 29, 30, 132, 173, 45, 27, 54, 185, 247, 186, 92, 83, 100, 221, 205, 243, 12, 31, 149, 106, 129, 73, 48, 223, 212, 166, 108, 16, 107, 96, 226, 124, 3, 69, 177, 137, 145, 7, 85, 200, 28, 98, 128, 68, 165, 237, 25, 115, 91, 90, 215, 88, 9, 13, 250, 172, 94, 82, 99, 197, 67, 57, 220, 142, 74, 168, 176, 39, 251, 219, 89, 42, 230, 163, 114, 133, 164, 38, 86, 195, 254, 191, 35, 70, 245, 26, 78, 17, 18, 225, 138, 217, 58, 241, 109, 49, 169, 97, 33, 148, 210, 24, 135, 174, 14, 111, 47, 8, 22, 144, 125, 236, 116, 11, 156, 162, 180, 228, 253, 102, 136, 64, 131, 206, 159, 66, 20, 233, 229, 201, 178, 249, 209, 234, 81, 147, 150, 36, 10, 113, 79, 71, 110, 119, 152, 101, 158, 198, 139, 63, 246, 23, 105, 123, 218, 161, 190, 121, 140, 242, 146, 61, 56, 104, 50, 179, 227, 240, 204, 120, 37, 6, 126, 155, 134, 5, 75, 194, 187, 65, 160, 244, 182, 95, 157, 4, 76, 72, 238, 87, 80, 181, 199, 93, 175, 62, 154, 141, 43, 153, 193, 189
