# Final optimized S-box - THREAD-SAFE VERSION with Early Stopping
# Generated on: 2025-09-18T16:22:22.601
# Format: 16 values per line (256 total)

sbox = UInt8[
    115, 234, 219, 191, 123,  84, 193, 240,  44, 227, 116,  88,  93, 152, 210, 199,
    231, 250,  51,  43,  38, 185, 137, 190,  83,  40, 209,  21, 247, 184, 144, 114,
    129, 122,  87,   0,  98, 181,  97,  69,  81, 183,  15, 251, 147, 151, 241,  89,
    131,  91, 239, 197,  37, 155, 189, 143, 233,  66, 253,   8,  92, 139,  80, 146,
    168, 221,  70,  50,  23, 105,  67,  46, 188,   6, 217, 176, 157, 103,  74, 238,
     90, 186, 218,   1, 200,  71, 222,  28, 113,  27, 202, 248,  30,  94, 174, 252,
      4,  17, 220, 205,  47, 163,  12, 198,  33, 195, 208, 133,  13,  39, 124, 246,
     72, 108, 162, 100, 180,  31,  65, 244, 170, 145, 159,  60,  29,  25, 196, 175,
    109, 134,  35,  64,  73, 203,  53, 120, 148, 194, 242,  75, 211,  54, 255,  62,
     34, 153,  24, 243, 141, 102, 112, 150,  82, 106,  86, 201, 138, 135, 127,  20,
    154,  14,   5,  45,  55,  59,  19, 107, 121, 126, 207, 206,  16, 173, 119, 118,
     78, 236, 164,  99,  95, 161, 171, 192, 110, 132,  32, 224, 111, 169, 226, 125,
    172,  58,  36, 232, 178, 254,  11, 149,  85, 216,  63, 140,   2, 166,  41,  56,
    225,   7,  18,  49, 204, 249, 182,  42,   3,   9,  61, 167, 130, 158, 237, 136,
    160, 142, 156, 104, 213, 177, 245, 179, 214, 212,  26,  79,  77,  52, 117, 229,
     76,  10, 215, 165, 228,  57, 128,  96, 187,  68, 101,  48, 230, 223, 235,  22
]

# Comma-separated format:
115, 234, 219, 191, 123, 84, 193, 240, 44, 227, 116, 88, 93, 152, 210, 199, 231, 250, 51, 43, 38, 185, 137, 190, 83, 40, 209, 21, 247, 184, 144, 114, 129, 122, 87, 0, 98, 181, 97, 69, 81, 183, 15, 251, 147, 151, 241, 89, 131, 91, 239, 197, 37, 155, 189, 143, 233, 66, 253, 8, 92, 139, 80, 146, 168, 221, 70, 50, 23, 105, 67, 46, 188, 6, 217, 176, 157, 103, 74, 238, 90, 186, 218, 1, 200, 71, 222, 28, 113, 27, 202, 248, 30, 94, 174, 252, 4, 17, 220, 205, 47, 163, 12, 198, 33, 195, 208, 133, 13, 39, 124, 246, 72, 108, 162, 100, 180, 31, 65, 244, 170, 145, 159, 60, 29, 25, 196, 175, 109, 134, 35, 64, 73, 203, 53, 120, 148, 194, 242, 75, 211, 54, 255, 62, 34, 153, 24, 243, 141, 102, 112, 150, 82, 106, 86, 201, 138, 135, 127, 20, 154, 14, 5, 45, 55, 59, 19, 107, 121, 126, 207, 206, 16, 173, 119, 118, 78, 236, 164, 99, 95, 161, 171, 192, 110, 132, 32, 224, 111, 169, 226, 125, 172, 58, 36, 232, 178, 254, 11, 149, 85, 216, 63, 140, 2, 166, 41, 56, 225, 7, 18, 49, 204, 249, 182, 42, 3, 9, 61, 167, 130, 158, 237, 136, 160, 142, 156, 104, 213, 177, 245, 179, 214, 212, 26, 79, 77, 52, 117, 229, 76, 10, 215, 165, 228, 57, 128, 96, 187, 68, 101, 48, 230, 223, 235, 22
