# Final optimized S-box - THREAD-SAFE VERSION with Early Stopping
# Generated on: 2025-09-09T18:30:25.295
# Format: 16 values per line (256 total)

sbox = UInt8[
    105, 130, 214,   1,  26, 235,  21,  91, 185, 248, 151,  44,  84, 198, 203, 255,
    127,  55, 199, 143, 232, 216,  53, 207, 208, 112, 222,  59, 231, 241, 252,  40,
     79,  34, 122, 120,  41,  68, 205,  39, 188, 171,  71,  46,  51, 239,  52, 118,
    196,  60, 160, 213, 174,  14,  29,  30, 124, 173,  56,  27,  54, 170, 247, 186,
    220, 113,  99, 184,   0, 243,  12,  31, 149, 165, 129,  73, 227, 223,  85,   2,
    108,  16, 107,  96,  83,  32,   3,  69, 177,  13, 145,   7,  76, 200,  28,  98,
    128, 192, 126, 237,  25, 115,  87,  90, 215,  88,   9,  10, 250, 172,  94,  22,
    164, 197,  67,  57, 142,  45,  74,  92, 117, 100, 251, 155,  89, 183, 132, 163,
    114, 166, 133,  38,  86, 195, 254,  61,  35,  70,  77,  80,  78,  17, 147, 218,
    138, 217,  58, 136, 109, 162,  36,  97, 141, 148, 210,  24, 135, 224, 202, 111,
     47,   8,  93, 144, 125, 236, 116,  11, 191, 182, 180, 167, 253, 102, 168,  64,
    131, 206, 159, 121,  20, 233, 229, 219, 178, 249, 209, 234,  81, 137, 150, 169,
    201, 225,  19,  15, 110, 119, 152, 101, 158, 193, 139,  63, 246,  23, 123, 103,
    212, 161, 190, 221, 140, 242, 146, 156,  66, 104,  50,  43,  82, 240, 204, 245,
    230,   6, 179,  48, 134,   5,  75, 194, 187,  65, 176, 244,  49,  95, 157,   4,
    228,  72, 238, 154,  37, 181, 226,  18, 175,  62, 106,  33,  42, 153, 211, 189
]

# Comma-separated format:
105, 130, 214, 1, 26, 235, 21, 91, 185, 248, 151, 44, 84, 198, 203, 255, 127, 55, 199, 143, 232, 216, 53, 207, 208, 112, 222, 59, 231, 241, 252, 40, 79, 34, 122, 120, 41, 68, 205, 39, 188, 171, 71, 46, 51, 239, 52, 118, 196, 60, 160, 213, 174, 14, 29, 30, 124, 173, 56, 27, 54, 170, 247, 186, 220, 113, 99, 184, 0, 243, 12, 31, 149, 165, 129, 73, 227, 223, 85, 2, 108, 16, 107, 96, 83, 32, 3, 69, 177, 13, 145, 7, 76, 200, 28, 98, 128, 192, 126, 237, 25, 115, 87, 90, 215, 88, 9, 10, 250, 172, 94, 22, 164, 197, 67, 57, 142, 45, 74, 92, 117, 100, 251, 155, 89, 183, 132, 163, 114, 166, 133, 38, 86, 195, 254, 61, 35, 70, 77, 80, 78, 17, 147, 218, 138, 217, 58, 136, 109, 162, 36, 97, 141, 148, 210, 24, 135, 224, 202, 111, 47, 8, 93, 144, 125, 236, 116, 11, 191, 182, 180, 167, 253, 102, 168, 64, 131, 206, 159, 121, 20, 233, 229, 219, 178, 249, 209, 234, 81, 137, 150, 169, 201, 225, 19, 15, 110, 119, 152, 101, 158, 193, 139, 63, 246, 23, 123, 103, 212, 161, 190, 221, 140, 242, 146, 156, 66, 104, 50, 43, 82, 240, 204, 245, 230, 6, 179, 48, 134, 5, 75, 194, 187, 65, 176, 244, 49, 95, 157, 4, 228, 72, 238, 154, 37, 181, 226, 18, 175, 62, 106, 33, 42, 153, 211, 189
