# Final optimized S-box - THREAD-SAFE VERSION with Early Stopping
# Generated on: 2025-09-16T17:59:40.764
# Format: 16 values per line (256 total)

sbox = UInt8[
    222, 107, 195, 243, 214,  98,  27,  78, 183,  18,  12,   4, 198, 132, 248, 225,
    166,   3, 204,  45, 186, 174, 128,  87,  83,  82, 163, 251, 154, 249,  11,  44,
    149,  49, 145,  71,  19,  93, 116, 240,  85, 172, 217, 191, 220, 167, 100, 156,
    140,  69, 247,  96, 127,  15,  43, 227,   5,  77,  90,  80, 207, 201, 161,  64,
    131,  10,   0, 146,  41,  53,  65, 109,  34,  38, 119, 148,  24, 125, 135,  88,
      6, 205, 255,  32, 142, 177,  48, 150, 187, 212, 219, 231, 126, 199, 252, 122,
     23,  37,  91, 189,  55,  89,   7, 121,  67,  94, 171, 111, 210, 235, 133, 182,
    114, 108,  95, 152, 160, 105,  13, 232, 138, 230, 224, 211, 110,  76,  79, 157,
    196,  51,  14, 162, 223, 234,  42,  68, 209, 246, 203, 228, 245, 226, 180,  70,
    179, 176,  39,  92, 120, 200, 106, 253, 193, 158,  86,  99,  56, 239,  36, 112,
    103,  22,  63,  16,  31, 181,  74,  20,  66, 250, 155, 221,  72, 118,   2, 134,
    124, 113,  58, 238, 237, 184,  75,  28, 143,  73,  26, 169, 216, 136,  40,  17,
    147, 188,  47, 241, 233,  59, 168, 102,  30, 139, 185,  25,  29, 202, 165, 141,
      1, 117, 197, 213, 151, 170, 244, 206,  46,  35,  33, 192, 153, 115, 104, 242,
    175, 229,  50, 190, 129, 164,  84, 236, 178, 137,  61,  52,  57,  81, 101,   9,
    254,  60,  21, 215, 173,  97, 130,   8, 159, 144, 194, 123, 208,  62,  54, 218
]

# Comma-separated format:
222, 107, 195, 243, 214, 98, 27, 78, 183, 18, 12, 4, 198, 132, 248, 225, 166, 3, 204, 45, 186, 174, 128, 87, 83, 82, 163, 251, 154, 249, 11, 44, 149, 49, 145, 71, 19, 93, 116, 240, 85, 172, 217, 191, 220, 167, 100, 156, 140, 69, 247, 96, 127, 15, 43, 227, 5, 77, 90, 80, 207, 201, 161, 64, 131, 10, 0, 146, 41, 53, 65, 109, 34, 38, 119, 148, 24, 125, 135, 88, 6, 205, 255, 32, 142, 177, 48, 150, 187, 212, 219, 231, 126, 199, 252, 122, 23, 37, 91, 189, 55, 89, 7, 121, 67, 94, 171, 111, 210, 235, 133, 182, 114, 108, 95, 152, 160, 105, 13, 232, 138, 230, 224, 211, 110, 76, 79, 157, 196, 51, 14, 162, 223, 234, 42, 68, 209, 246, 203, 228, 245, 226, 180, 70, 179, 176, 39, 92, 120, 200, 106, 253, 193, 158, 86, 99, 56, 239, 36, 112, 103, 22, 63, 16, 31, 181, 74, 20, 66, 250, 155, 221, 72, 118, 2, 134, 124, 113, 58, 238, 237, 184, 75, 28, 143, 73, 26, 169, 216, 136, 40, 17, 147, 188, 47, 241, 233, 59, 168, 102, 30, 139, 185, 25, 29, 202, 165, 141, 1, 117, 197, 213, 151, 170, 244, 206, 46, 35, 33, 192, 153, 115, 104, 242, 175, 229, 50, 190, 129, 164, 84, 236, 178, 137, 61, 52, 57, 81, 101, 9, 254, 60, 21, 215, 173, 97, 130, 8, 159, 144, 194, 123, 208, 62, 54, 218
