# Final optimized S-box - THREAD-SAFE VERSION with Early Stopping
# Generated on: 2025-09-23T11:43:26.506
# Format: 16 values per line (256 total)

sbox = UInt8[
    115, 234, 219, 191,  72,  38,  45, 240,  15, 227, 116,  76,  93,  30, 216, 199,
      9, 250,  51,  35,  62, 189, 137,  37,  83, 187, 209,  21,  57, 184,  44, 114,
    110, 122, 135,   0,  98, 254, 243,  69,  25,  53,  68,  77, 185, 148,   8, 222,
    131,  91, 239, 197,  40, 102, 147, 143, 253, 190,   1, 211,  92, 139,  19, 146,
    168, 226,  70,  50,  36, 123,  67,  46, 201,   6, 217, 176, 157, 103,  11, 238,
    247, 186, 241, 165, 236,  71,  80,  28, 113,  27, 223, 248, 182,  94, 174, 233,
      4,  33, 173, 205,  47, 163,  12,  23, 188,  99, 208,  52,  20,  39, 124, 246,
    158, 108, 162, 100, 181, 151,  66, 244, 170, 145, 159,  60, 203, 210, 140, 175,
    109, 134, 195,  64, 142, 228, 155,  24,  10, 194, 242,  75, 214,  54,  87, 105,
     34, 153,  18, 229, 141,  81, 112, 150,  82, 106,  86,  89, 138, 255, 127,  13,
    128,  14,   5,  74,  55,  59,  17,  43, 121, 126, 207, 206,  16,  73, 251, 104,
     78,  96, 164, 193, 202, 144, 171, 192, 129, 161,  32,  90, 111,  97, 221, 125,
    172,  58, 237, 232, 178, 180, 107, 149,  85, 120,  63, 118,   2, 166,  41,  56,
    225,  84, 196,  49, 204, 249, 133,  42,   3,  22,  26, 224, 130, 220,  65, 136,
    160, 231, 156, 119, 213, 177, 245, 179, 218, 212, 132,  79,   7,  48, 117, 198,
     95,  29, 215, 167,  88, 183,  61, 154, 169, 200, 101, 152, 230, 252, 235,  31
]

# Comma-separated format:
115, 234, 219, 191, 72, 38, 45, 240, 15, 227, 116, 76, 93, 30, 216, 199, 9, 250, 51, 35, 62, 189, 137, 37, 83, 187, 209, 21, 57, 184, 44, 114, 110, 122, 135, 0, 98, 254, 243, 69, 25, 53, 68, 77, 185, 148, 8, 222, 131, 91, 239, 197, 40, 102, 147, 143, 253, 190, 1, 211, 92, 139, 19, 146, 168, 226, 70, 50, 36, 123, 67, 46, 201, 6, 217, 176, 157, 103, 11, 238, 247, 186, 241, 165, 236, 71, 80, 28, 113, 27, 223, 248, 182, 94, 174, 233, 4, 33, 173, 205, 47, 163, 12, 23, 188, 99, 208, 52, 20, 39, 124, 246, 158, 108, 162, 100, 181, 151, 66, 244, 170, 145, 159, 60, 203, 210, 140, 175, 109, 134, 195, 64, 142, 228, 155, 24, 10, 194, 242, 75, 214, 54, 87, 105, 34, 153, 18, 229, 141, 81, 112, 150, 82, 106, 86, 89, 138, 255, 127, 13, 128, 14, 5, 74, 55, 59, 17, 43, 121, 126, 207, 206, 16, 73, 251, 104, 78, 96, 164, 193, 202, 144, 171, 192, 129, 161, 32, 90, 111, 97, 221, 125, 172, 58, 237, 232, 178, 180, 107, 149, 85, 120, 63, 118, 2, 166, 41, 56, 225, 84, 196, 49, 204, 249, 133, 42, 3, 22, 26, 224, 130, 220, 65, 136, 160, 231, 156, 119, 213, 177, 245, 179, 218, 212, 132, 79, 7, 48, 117, 198, 95, 29, 215, 167, 88, 183, 61, 154, 169, 200, 101, 152, 230, 252, 235, 31
