# Final optimized S-box - THREAD-SAFE VERSION with Early Stopping
# Generated on: 2025-09-09T19:05:40.157
# Format: 16 values per line (256 total)

sbox = UInt8[
    105, 130, 214,   1,  26, 235,  21,  91, 247, 248, 147, 120,  84, 211, 203, 255,
    187,  29, 174, 209, 232, 216, 249, 207, 149, 112, 222,  59, 164, 221, 252,  40,
     79,  34, 134, 116,  41, 196, 143, 183, 188, 171,  71, 170,  48, 239,  52, 118,
    192,  60, 224, 213, 167,  14,  46,  30, 124, 173,  45,  27,  54, 185,  16, 186,
     92, 113,  99,  55, 205, 243,  12,  31, 176, 179, 129,  73,  22, 240, 212,   2,
    108, 162, 107,  96, 226,  32,   3,  69, 123, 127, 145,   7,  85, 200,  28,  98,
    128,  68, 165, 237,  78, 115, 177,  25, 215,  72,   9,  13, 250, 231,  94,  82,
     39, 223,  67,  57, 220, 142,  74, 168, 117, 100, 251, 219,  89,  97, 132, 163,
    114,  81, 172,  38,  86, 195, 254,  61, 182,  70,  77, 178,  20,  17,  18, 228,
    138, 154,  58, 136, 109,   4, 169, 144, 141, 148, 201,  24, 135, 208, 202, 111,
     47,   8, 155, 152, 125, 236,  44,  11, 217, 161, 180,  83, 253, 102,  56,  64,
    131, 206, 159, 241, 184, 233, 229, 146, 197,   6,  50, 234,   0, 137, 150,  36,
     10, 225,  19,  15, 110, 119, 191, 101, 158, 198, 139,  63, 246,  23,  87, 103,
    218,  35, 190, 121, 140, 242, 151, 156,  66, 104, 133,  43, 227, 230, 204, 245,
     80,  53, 126,  51, 122,   5,  75, 194,  90,  65, 160, 244,  49,  95, 157, 210,
     76,  88, 238, 166,  37, 181, 199,  93, 175,  62, 106,  33,  42, 153, 193, 189
]

# Comma-separated format:
105, 130, 214, 1, 26, 235, 21, 91, 247, 248, 147, 120, 84, 211, 203, 255, 187, 29, 174, 209, 232, 216, 249, 207, 149, 112, 222, 59, 164, 221, 252, 40, 79, 34, 134, 116, 41, 196, 143, 183, 188, 171, 71, 170, 48, 239, 52, 118, 192, 60, 224, 213, 167, 14, 46, 30, 124, 173, 45, 27, 54, 185, 16, 186, 92, 113, 99, 55, 205, 243, 12, 31, 176, 179, 129, 73, 22, 240, 212, 2, 108, 162, 107, 96, 226, 32, 3, 69, 123, 127, 145, 7, 85, 200, 28, 98, 128, 68, 165, 237, 78, 115, 177, 25, 215, 72, 9, 13, 250, 231, 94, 82, 39, 223, 67, 57, 220, 142, 74, 168, 117, 100, 251, 219, 89, 97, 132, 163, 114, 81, 172, 38, 86, 195, 254, 61, 182, 70, 77, 178, 20, 17, 18, 228, 138, 154, 58, 136, 109, 4, 169, 144, 141, 148, 201, 24, 135, 208, 202, 111, 47, 8, 155, 152, 125, 236, 44, 11, 217, 161, 180, 83, 253, 102, 56, 64, 131, 206, 159, 241, 184, 233, 229, 146, 197, 6, 50, 234, 0, 137, 150, 36, 10, 225, 19, 15, 110, 119, 191, 101, 158, 198, 139, 63, 246, 23, 87, 103, 218, 35, 190, 121, 140, 242, 151, 156, 66, 104, 133, 43, 227, 230, 204, 245, 80, 53, 126, 51, 122, 5, 75, 194, 90, 65, 160, 244, 49, 95, 157, 210, 76, 88, 238, 166, 37, 181, 199, 93, 175, 62, 106, 33, 42, 153, 193, 189
