# Final optimized S-box - THREAD-SAFE VERSION with Early Stopping
# Generated on: 2025-09-14T03:39:10.607
# Format: 16 values per line (256 total)

sbox = UInt8[
     93, 234, 115, 201, 231,  38,  45, 200, 161, 206, 116,  88, 219, 152, 210,  57,
      9, 250,  51, 180,  62,  48, 137,  36, 112, 187, 209,  21, 199, 184,  44, 114,
    110, 122,  87,   0,  98, 181,  23,  66, 216, 155,  15, 251, 147,  20,  12,  17,
    129,  91, 239, 197,  37,  81, 189,  72, 253, 131,  18, 211,  92, 139,  80, 146,
    168, 182, 232,  50,  40, 252,  67,  46, 233,   6, 217, 176, 157, 103,  11, 202,
     90, 186,   8, 170,  96, 238, 190,  28, 254,  27, 123, 248,  30,  86, 174,  29,
      4, 188, 220, 205, 119, 163, 241, 243, 244, 225, 208, 133,  13,  47, 124, 246,
     26, 160, 162, 100, 144, 222,  65,  33, 194, 145, 159,  60, 120,  25, 196, 175,
    109, 134, 195,  64, 226, 203,  53,  24,  10,   1, 242,  75, 214,  54, 255, 105,
     34, 111, 247, 229, 141, 102,  83, 150,  82, 106,  55,  89, 138, 135,   5, 108,
     69,  14, 107,  74,  63,  59,  19,  43, 121, 126, 207, 227,  16, 172,  77, 140,
     78, 236, 164,  73,  95,  70, 171, 192, 128, 132,  32, 165, 153,  97, 221, 125,
    193,  58, 237, 113, 178, 143, 127, 149,  85, 228,  22, 118,   2, 166,  41,  56,
     99,  84,  39, 240, 204, 249, 142,  42,   3, 191, 154, 224, 130, 158,  31, 136,
    151, 173, 156, 104, 213, 177, 245, 179, 218, 212,  35,  79,   7,  52, 117, 198,
     76, 148, 215, 167,  71, 183,  61,  68, 169,  49, 101, 185, 230, 223, 235,  94
]

# Comma-separated format:
93, 234, 115, 201, 231, 38, 45, 200, 161, 206, 116, 88, 219, 152, 210, 57, 9, 250, 51, 180, 62, 48, 137, 36, 112, 187, 209, 21, 199, 184, 44, 114, 110, 122, 87, 0, 98, 181, 23, 66, 216, 155, 15, 251, 147, 20, 12, 17, 129, 91, 239, 197, 37, 81, 189, 72, 253, 131, 18, 211, 92, 139, 80, 146, 168, 182, 232, 50, 40, 252, 67, 46, 233, 6, 217, 176, 157, 103, 11, 202, 90, 186, 8, 170, 96, 238, 190, 28, 254, 27, 123, 248, 30, 86, 174, 29, 4, 188, 220, 205, 119, 163, 241, 243, 244, 225, 208, 133, 13, 47, 124, 246, 26, 160, 162, 100, 144, 222, 65, 33, 194, 145, 159, 60, 120, 25, 196, 175, 109, 134, 195, 64, 226, 203, 53, 24, 10, 1, 242, 75, 214, 54, 255, 105, 34, 111, 247, 229, 141, 102, 83, 150, 82, 106, 55, 89, 138, 135, 5, 108, 69, 14, 107, 74, 63, 59, 19, 43, 121, 126, 207, 227, 16, 172, 77, 140, 78, 236, 164, 73, 95, 70, 171, 192, 128, 132, 32, 165, 153, 97, 221, 125, 193, 58, 237, 113, 178, 143, 127, 149, 85, 228, 22, 118, 2, 166, 41, 56, 99, 84, 39, 240, 204, 249, 142, 42, 3, 191, 154, 224, 130, 158, 31, 136, 151, 173, 156, 104, 213, 177, 245, 179, 218, 212, 35, 79, 7, 52, 117, 198, 76, 148, 215, 167, 71, 183, 61, 68, 169, 49, 101, 185, 230, 223, 235, 94
