# Final optimized S-box - THREAD-SAFE VERSION with Early Stopping
# Generated on: 2025-09-16T19:00:47.501
# Format: 16 values per line (256 total)

sbox = UInt8[
    142, 107, 195, 243, 223,  98,  27,  78, 227,  18,   8, 208, 222, 132, 248, 225,
    166, 129, 179,  45, 114, 241, 143,  87,  83,  28,  50,  19, 154, 249,  77,  44,
     62,  49, 145,  71, 192,  93, 116, 217,  85,  31, 137, 128, 220, 167, 100, 156,
    140,  69,  68,  56,  76,  43, 226, 214, 151, 244,  88,  11, 207, 219,  15, 164,
    131,  21,   0, 146,  41,  53,  65, 236,  34,  38, 181, 148,  24, 169, 135,  80,
     82, 205, 255,  64, 186, 183,  96, 150,  94, 212, 157, 231,  95, 168, 252,  32,
     23, 174,  91, 189,  55,  89,   7, 121,  33,  90,  37, 111, 210, 235,  35, 182,
    102, 108,  86, 152, 160, 105,  13, 232, 202, 112, 224, 211, 110,  51, 185, 201,
    196,  59,  30, 122, 175, 119,  42, 127, 209, 246, 203, 200,  79, 125,  63,  70,
    218, 176,  39,  92, 120,   6, 106, 253,  26, 206, 170,  99, 187,  22, 188, 126,
    158, 239, 172,  16, 178, 104,  74,  20,  66, 250, 155, 221, 245, 118,   2, 134,
    124, 113, 130, 238, 191, 184,  75, 240,  47,  48, 193, 234, 216, 136, 109, 251,
    147, 180, 228,  84, 233, 247, 199, 103,  14, 139,  72,  25,  29,   4, 165, 141,
      1,  40,   3, 213, 159, 230,  36, 198,  46, 254,   5,  17, 153, 115,  10, 138,
     12, 229, 242, 190, 197, 163, 177, 117, 171, 237,  61,  52,  57,  81, 101,   9,
     67,  60,  73, 215, 173,  97,  58, 161, 133, 144, 194, 123, 204, 149,  54, 162
]

# Comma-separated format:
142, 107, 195, 243, 223, 98, 27, 78, 227, 18, 8, 208, 222, 132, 248, 225, 166, 129, 179, 45, 114, 241, 143, 87, 83, 28, 50, 19, 154, 249, 77, 44, 62, 49, 145, 71, 192, 93, 116, 217, 85, 31, 137, 128, 220, 167, 100, 156, 140, 69, 68, 56, 76, 43, 226, 214, 151, 244, 88, 11, 207, 219, 15, 164, 131, 21, 0, 146, 41, 53, 65, 236, 34, 38, 181, 148, 24, 169, 135, 80, 82, 205, 255, 64, 186, 183, 96, 150, 94, 212, 157, 231, 95, 168, 252, 32, 23, 174, 91, 189, 55, 89, 7, 121, 33, 90, 37, 111, 210, 235, 35, 182, 102, 108, 86, 152, 160, 105, 13, 232, 202, 112, 224, 211, 110, 51, 185, 201, 196, 59, 30, 122, 175, 119, 42, 127, 209, 246, 203, 200, 79, 125, 63, 70, 218, 176, 39, 92, 120, 6, 106, 253, 26, 206, 170, 99, 187, 22, 188, 126, 158, 239, 172, 16, 178, 104, 74, 20, 66, 250, 155, 221, 245, 118, 2, 134, 124, 113, 130, 238, 191, 184, 75, 240, 47, 48, 193, 234, 216, 136, 109, 251, 147, 180, 228, 84, 233, 247, 199, 103, 14, 139, 72, 25, 29, 4, 165, 141, 1, 40, 3, 213, 159, 230, 36, 198, 46, 254, 5, 17, 153, 115, 10, 138, 12, 229, 242, 190, 197, 163, 177, 117, 171, 237, 61, 52, 57, 81, 101, 9, 67, 60, 73, 215, 173, 97, 58, 161, 133, 144, 194, 123, 204, 149, 54, 162
