# Final optimized S-box - THREAD-SAFE VERSION with Early Stopping
# Generated on: 2025-09-11T03:18:08.004
# Format: 16 values per line (256 total)

sbox = UInt8[
    105, 130, 214, 152,  26, 110,  21, 235, 141, 248, 151,  48,  84, 211, 203, 255,
    254,  55, 174,   0, 232, 216,  53, 207, 230, 112, 222,  59, 231, 221, 252,  40,
     79,  34, 122, 120,  41, 196, 143, 183, 187, 171,  71, 170,  51, 239,  52, 118,
    192,  60, 224, 213,  39,  14,  29,  30, 124, 173,   7,  27,  54,  61, 247, 186,
    185, 113,  99, 155,   1, 243, 127,  31, 149, 179, 129,  73,  22, 223, 212,   2,
    108,  16, 107,  96, 226,  32,   3,  69, 177, 201, 145, 191,  85, 200, 162,  98,
    128, 114, 126, 237,  25, 115,  87,  90, 215,  88,   9,  13, 250, 172,  94, 103,
    166,  68,  15,  57, 220, 182,   8, 168, 117, 100, 251, 219,  89, 167, 132, 163,
     67, 133, 164,  38,  86, 195,  12, 184,  35,  70,  77, 208,  78,  17,  18, 228,
    146, 217,  58, 136, 109,  11, 169,  97,  28, 148, 210,  24, 135, 176, 202, 111,
     47,  46,  92, 144, 125, 236, 116,  74,  45, 140, 180, 188, 253, 102,  56,  64,
    131, 206, 159, 241,  20, 233, 229, 147,  44, 249, 209, 234,  81, 165, 150,  36,
     10, 225,  19, 197,  82, 119, 205, 101, 158, 198, 139,  63, 246,  23, 123,  91,
    218, 161, 190, 121, 142, 242, 154, 156,  66, 104,  50,  43, 227, 240, 204, 245,
     33,   6, 137, 178, 134,   5,  75, 194,  83,  65, 160, 244,  49,  95, 157,   4,
     76,  72, 238, 138,  37, 181, 199,  93, 175,  62, 106,  80,  42, 153, 193, 189
]

# Comma-separated format:
105, 130, 214, 152, 26, 110, 21, 235, 141, 248, 151, 48, 84, 211, 203, 255, 254, 55, 174, 0, 232, 216, 53, 207, 230, 112, 222, 59, 231, 221, 252, 40, 79, 34, 122, 120, 41, 196, 143, 183, 187, 171, 71, 170, 51, 239, 52, 118, 192, 60, 224, 213, 39, 14, 29, 30, 124, 173, 7, 27, 54, 61, 247, 186, 185, 113, 99, 155, 1, 243, 127, 31, 149, 179, 129, 73, 22, 223, 212, 2, 108, 16, 107, 96, 226, 32, 3, 69, 177, 201, 145, 191, 85, 200, 162, 98, 128, 114, 126, 237, 25, 115, 87, 90, 215, 88, 9, 13, 250, 172, 94, 103, 166, 68, 15, 57, 220, 182, 8, 168, 117, 100, 251, 219, 89, 167, 132, 163, 67, 133, 164, 38, 86, 195, 12, 184, 35, 70, 77, 208, 78, 17, 18, 228, 146, 217, 58, 136, 109, 11, 169, 97, 28, 148, 210, 24, 135, 176, 202, 111, 47, 46, 92, 144, 125, 236, 116, 74, 45, 140, 180, 188, 253, 102, 56, 64, 131, 206, 159, 241, 20, 233, 229, 147, 44, 249, 209, 234, 81, 165, 150, 36, 10, 225, 19, 197, 82, 119, 205, 101, 158, 198, 139, 63, 246, 23, 123, 91, 218, 161, 190, 121, 142, 242, 154, 156, 66, 104, 50, 43, 227, 240, 204, 245, 33, 6, 137, 178, 134, 5, 75, 194, 83, 65, 160, 244, 49, 95, 157, 4, 76, 72, 238, 138, 37, 181, 199, 93, 175, 62, 106, 80, 42, 153, 193, 189
