# Final optimized S-box - THREAD-SAFE VERSION with Early Stopping
# Generated on: 2025-09-20T17:18:17.205
# Format: 16 values per line (256 total)

sbox = UInt8[
    105,  39, 212, 137,  26,  82,  21,  11,  46, 248, 151,  44,   5, 211, 203, 255,
    127, 134, 174,   0, 232, 216, 206, 207, 230, 112, 222,  59, 231, 221, 252, 176,
     79,  34, 122, 120,  41, 196, 227, 183, 188, 171,  71, 170,  51, 239,  52, 118,
     87,  14, 224, 213,  94, 164,  29,  30,   6, 173,  45, 167,  54, 185, 247, 186,
     84, 163,  99, 184, 205, 243,  12,  31, 149, 179, 129,  73,  22, 223, 182, 226,
    108,  16, 107,  96, 136,  32,   3,  69, 177, 201, 145,   7,  85, 200,  28,  98,
    128,  68,  37, 237, 235, 143,  91,  90, 215,  88, 155,  13, 250, 172,  89,  25,
    165, 197,  67,  57, 220, 142,  74, 168, 117, 100, 251, 219,  64, 114, 132, 152,
    166, 133,  17,  38,  86, 195, 254,  61, 162,  70,  77, 208,  78,  60,  18, 228,
    138, 217,  58,   2, 109,  35, 169, 126, 141, 148, 253,  24, 135, 161, 202, 111,
     47,   8,  27, 144, 125, 236, 116, 147, 191, 214, 180,  83, 110, 102,  56,  97,
    131,  50, 159, 241,  20, 233, 229, 192, 178, 249, 209, 234, 115,  53, 150,  36,
     10, 225,  19,  15, 210, 119, 113, 101, 158, 198, 139,  63, 246,  23,  76, 103,
    218,  40, 190, 121, 140, 242, 146, 156,  66, 104,   1,  43,  81, 240, 204, 245,
     80, 124,   9,  48,  55,  92,  75, 194, 187,  65, 160, 244,  49,  95, 157,   4,
    123,  72, 238, 154, 130, 181, 199,  93, 175,  62, 106,  33,  42, 153, 193, 189
]

# Comma-separated format:
105, 39, 212, 137, 26, 82, 21, 11, 46, 248, 151, 44, 5, 211, 203, 255, 127, 134, 174, 0, 232, 216, 206, 207, 230, 112, 222, 59, 231, 221, 252, 176, 79, 34, 122, 120, 41, 196, 227, 183, 188, 171, 71, 170, 51, 239, 52, 118, 87, 14, 224, 213, 94, 164, 29, 30, 6, 173, 45, 167, 54, 185, 247, 186, 84, 163, 99, 184, 205, 243, 12, 31, 149, 179, 129, 73, 22, 223, 182, 226, 108, 16, 107, 96, 136, 32, 3, 69, 177, 201, 145, 7, 85, 200, 28, 98, 128, 68, 37, 237, 235, 143, 91, 90, 215, 88, 155, 13, 250, 172, 89, 25, 165, 197, 67, 57, 220, 142, 74, 168, 117, 100, 251, 219, 64, 114, 132, 152, 166, 133, 17, 38, 86, 195, 254, 61, 162, 70, 77, 208, 78, 60, 18, 228, 138, 217, 58, 2, 109, 35, 169, 126, 141, 148, 253, 24, 135, 161, 202, 111, 47, 8, 27, 144, 125, 236, 116, 147, 191, 214, 180, 83, 110, 102, 56, 97, 131, 50, 159, 241, 20, 233, 229, 192, 178, 249, 209, 234, 115, 53, 150, 36, 10, 225, 19, 15, 210, 119, 113, 101, 158, 198, 139, 63, 246, 23, 76, 103, 218, 40, 190, 121, 140, 242, 146, 156, 66, 104, 1, 43, 81, 240, 204, 245, 80, 124, 9, 48, 55, 92, 75, 194, 187, 65, 160, 244, 49, 95, 157, 4, 123, 72, 238, 154, 130, 181, 199, 93, 175, 62, 106, 33, 42, 153, 193, 189
