# Final optimized S-box - THREAD-SAFE VERSION with Early Stopping
# Generated on: 2025-09-13T11:51:39.697
# Format: 16 values per line (256 total)

sbox = UInt8[
     78, 230, 155, 241,  24, 218,  22, 227,   5,   7, 125,  35, 148,  10,  43, 201,
    174,  91,  97, 169, 143,  20, 242,  18,  14,  25,  38,  12,  74,  51, 252,  92,
     17,  41, 120, 126, 167, 231,  34, 121,  29, 110, 200,  42,  90,  36, 221, 195,
    134, 205,  63,  56,  80,  53,  16, 246, 228, 217,  67, 255, 212, 216, 130,  31,
     95,  50,  65, 157,  54, 149, 254, 122,  96,  82, 118,   3, 184, 243, 108, 199,
    235,  48,  64, 160, 188,  85,   9,  57, 207, 142, 106, 172, 117,  44,  71, 244,
    249, 159, 236, 186, 183, 173, 182, 113,   8, 197, 119, 204, 161, 131,  99, 114,
    245,  11, 109,  88, 170, 192, 180, 146, 144, 222, 104, 168, 234,  27,  84, 214,
    250, 152, 202, 101, 129, 193,  15, 135,  79,  72, 187,  98, 176, 100,  73, 156,
    102,  60, 251,  28, 165, 133, 239, 136,   6,  94,  23,  77, 154,   2, 158, 138,
     59,  70,  66,  47,  68,  13, 105, 210, 226, 163, 171, 132, 115,  45, 124,  26,
    166, 223, 111,  76,  21, 229, 137, 151,  32, 175, 127, 194,  19,  69,  30,  40,
    181, 213, 147, 107, 116,  52, 190, 141, 177,  61, 128, 153, 150,  46, 112,  89,
     87,   0, 237, 185,  93, 208,  81, 145, 247, 238, 240, 224, 211, 232,  62, 219,
    220, 248, 225,   4, 123, 198,  33,  58, 215, 233, 189, 191, 164, 206, 162, 139,
     39,  86,  37, 140,  55, 178,  49,   1, 209, 179, 203, 196,  83, 253, 103,  75
]

# Comma-separated format:
78, 230, 155, 241, 24, 218, 22, 227, 5, 7, 125, 35, 148, 10, 43, 201, 174, 91, 97, 169, 143, 20, 242, 18, 14, 25, 38, 12, 74, 51, 252, 92, 17, 41, 120, 126, 167, 231, 34, 121, 29, 110, 200, 42, 90, 36, 221, 195, 134, 205, 63, 56, 80, 53, 16, 246, 228, 217, 67, 255, 212, 216, 130, 31, 95, 50, 65, 157, 54, 149, 254, 122, 96, 82, 118, 3, 184, 243, 108, 199, 235, 48, 64, 160, 188, 85, 9, 57, 207, 142, 106, 172, 117, 44, 71, 244, 249, 159, 236, 186, 183, 173, 182, 113, 8, 197, 119, 204, 161, 131, 99, 114, 245, 11, 109, 88, 170, 192, 180, 146, 144, 222, 104, 168, 234, 27, 84, 214, 250, 152, 202, 101, 129, 193, 15, 135, 79, 72, 187, 98, 176, 100, 73, 156, 102, 60, 251, 28, 165, 133, 239, 136, 6, 94, 23, 77, 154, 2, 158, 138, 59, 70, 66, 47, 68, 13, 105, 210, 226, 163, 171, 132, 115, 45, 124, 26, 166, 223, 111, 76, 21, 229, 137, 151, 32, 175, 127, 194, 19, 69, 30, 40, 181, 213, 147, 107, 116, 52, 190, 141, 177, 61, 128, 153, 150, 46, 112, 89, 87, 0, 237, 185, 93, 208, 81, 145, 247, 238, 240, 224, 211, 232, 62, 219, 220, 248, 225, 4, 123, 198, 33, 58, 215, 233, 189, 191, 164, 206, 162, 139, 39, 86, 37, 140, 55, 178, 49, 1, 209, 179, 203, 196, 83, 253, 103, 75
