# Final optimized S-box - THREAD-SAFE VERSION with Early Stopping
# Generated on: 2025-09-12T03:28:37.528
# Format: 16 values per line (256 total)

sbox = UInt8[
    251, 218,   2, 190, 201, 225,  98, 197, 123,  41, 160, 235, 181,  76, 102,  61,
    159, 179, 142,  19, 162,  82,  57, 221,  43,  24, 203, 154,  48,  67, 230, 137,
    130,  29, 135, 133, 214,  33, 183, 118, 246, 109, 117,  46,  53,  23, 115, 239,
    178, 211, 165,  39,  45, 224, 200, 158, 143, 104,  94, 220, 111, 202, 124, 151,
    153,  64,   7, 171,  10,  50,  87, 199, 184,  38,  13,  32, 189, 186, 206,  79,
     75, 156, 228, 250,  25,  28, 174,  70,  16, 127,  59, 122, 209,  56, 216,  88,
     96,  83,  97, 152,  54, 176, 144, 185, 100,  89,  65,  26,  47, 166, 249,  99,
    167, 172,  12, 155,  30, 145,   3, 140, 213, 255, 215,  17,  55, 192, 212,  52,
    253, 125,  68, 164, 119, 180, 105,  85, 205, 254, 219,  90, 242, 108, 227, 134,
     44,   5, 146,  36, 114, 149, 136, 232, 252,  91, 116,  80, 208,  18,  81, 112,
    217, 121,  11, 196,  84, 138,   6, 194,  34, 193, 126, 223, 141, 248, 187, 247,
    101,  95,  62,  15, 157, 131, 238, 161,  66, 106, 195, 177,  60, 103, 129, 170,
    139, 113, 241, 207, 236,  49,  93,  86, 245, 110, 222, 107,  71, 150,  31, 182,
    147, 234,  92,  73,  69,   0,  14, 240, 128, 169,  58, 168, 210,  22,  27,   4,
    173, 229,  20, 132,   8,  74, 188, 204,  78,   1, 198,  42,   9, 244, 237, 233,
     40, 163, 226, 243,  72,  21,  35, 175, 120,  63, 231,  51,  37, 191,  77, 148
]

# Comma-separated format:
251, 218, 2, 190, 201, 225, 98, 197, 123, 41, 160, 235, 181, 76, 102, 61, 159, 179, 142, 19, 162, 82, 57, 221, 43, 24, 203, 154, 48, 67, 230, 137, 130, 29, 135, 133, 214, 33, 183, 118, 246, 109, 117, 46, 53, 23, 115, 239, 178, 211, 165, 39, 45, 224, 200, 158, 143, 104, 94, 220, 111, 202, 124, 151, 153, 64, 7, 171, 10, 50, 87, 199, 184, 38, 13, 32, 189, 186, 206, 79, 75, 156, 228, 250, 25, 28, 174, 70, 16, 127, 59, 122, 209, 56, 216, 88, 96, 83, 97, 152, 54, 176, 144, 185, 100, 89, 65, 26, 47, 166, 249, 99, 167, 172, 12, 155, 30, 145, 3, 140, 213, 255, 215, 17, 55, 192, 212, 52, 253, 125, 68, 164, 119, 180, 105, 85, 205, 254, 219, 90, 242, 108, 227, 134, 44, 5, 146, 36, 114, 149, 136, 232, 252, 91, 116, 80, 208, 18, 81, 112, 217, 121, 11, 196, 84, 138, 6, 194, 34, 193, 126, 223, 141, 248, 187, 247, 101, 95, 62, 15, 157, 131, 238, 161, 66, 106, 195, 177, 60, 103, 129, 170, 139, 113, 241, 207, 236, 49, 93, 86, 245, 110, 222, 107, 71, 150, 31, 182, 147, 234, 92, 73, 69, 0, 14, 240, 128, 169, 58, 168, 210, 22, 27, 4, 173, 229, 20, 132, 8, 74, 188, 204, 78, 1, 198, 42, 9, 244, 237, 233, 40, 163, 226, 243, 72, 21, 35, 175, 120, 63, 231, 51, 37, 191, 77, 148
