# Final optimized S-box - THREAD-SAFE VERSION with Early Stopping
# Generated on: 2025-09-11T09:09:02.234
# Format: 16 values per line (256 total)

sbox = UInt8[
    115, 107, 195, 239, 214,  98,  27,  78, 183,  37,   8, 208, 222, 140, 248, 225,
    166, 201,  90,  67, 216, 174, 244,  87, 129, 217,  68,  19, 154, 251,  11,  44,
    149,  73, 145,  83, 151,  93, 116, 240,  85,  82, 180, 137, 186, 124, 246, 156,
    150,  69, 196,  96,  76,  43, 161, 206, 213,  77, 204,  84,  52, 146,   6, 164,
    131,  10,   0,   3, 207,  49,  65, 109,  34,  45, 119, 148,  24, 125, 135,  80,
     39, 205, 249, 210, 177,  57,  63, 132, 220, 212, 219, 231, 211, 199, 126,  64,
    187,  18,  91, 189,  55,  89,   7, 121,  33,  94, 143, 111, 252, 235, 159, 153,
    102, 100,  99, 152, 114, 105,  13, 232, 138, 178, 224,  30, 110,  51, 185, 157,
    247, 127,  14, 162, 175, 234,  42,  59, 209, 108, 139,  15,  79, 226,  23,  70,
    179, 182, 230, 184, 120, 200, 106, 253, 193,  21, 141, 197,  56,  22,  36, 112,
    158, 123, 172,  16,  31, 223,  74,  20,  66, 250, 155, 221, 245, 160,  86, 134,
      2, 113, 130, 238,  41,  92,  75,  28,  47,  48,  26, 118, 169, 136, 117,  17,
    147, 203, 228, 241,  54, 163, 168, 103,  95, 188, 176,  25,  29, 202, 165, 122,
      1, 192, 167,  40,  35, 170, 128, 198,  46, 191,   5, 255,  72,  38, 243, 218,
     12, 229, 242, 190,  71,  32,  88, 236, 171, 237,  61, 142,  53,  81, 101,   9,
    254,  60, 227, 215, 173,  97,  58, 181, 133, 144, 194, 104,   4,  62, 233,  50
]

# Comma-separated format:
115, 107, 195, 239, 214, 98, 27, 78, 183, 37, 8, 208, 222, 140, 248, 225, 166, 201, 90, 67, 216, 174, 244, 87, 129, 217, 68, 19, 154, 251, 11, 44, 149, 73, 145, 83, 151, 93, 116, 240, 85, 82, 180, 137, 186, 124, 246, 156, 150, 69, 196, 96, 76, 43, 161, 206, 213, 77, 204, 84, 52, 146, 6, 164, 131, 10, 0, 3, 207, 49, 65, 109, 34, 45, 119, 148, 24, 125, 135, 80, 39, 205, 249, 210, 177, 57, 63, 132, 220, 212, 219, 231, 211, 199, 126, 64, 187, 18, 91, 189, 55, 89, 7, 121, 33, 94, 143, 111, 252, 235, 159, 153, 102, 100, 99, 152, 114, 105, 13, 232, 138, 178, 224, 30, 110, 51, 185, 157, 247, 127, 14, 162, 175, 234, 42, 59, 209, 108, 139, 15, 79, 226, 23, 70, 179, 182, 230, 184, 120, 200, 106, 253, 193, 21, 141, 197, 56, 22, 36, 112, 158, 123, 172, 16, 31, 223, 74, 20, 66, 250, 155, 221, 245, 160, 86, 134, 2, 113, 130, 238, 41, 92, 75, 28, 47, 48, 26, 118, 169, 136, 117, 17, 147, 203, 228, 241, 54, 163, 168, 103, 95, 188, 176, 25, 29, 202, 165, 122, 1, 192, 167, 40, 35, 170, 128, 198, 46, 191, 5, 255, 72, 38, 243, 218, 12, 229, 242, 190, 71, 32, 88, 236, 171, 237, 61, 142, 53, 81, 101, 9, 254, 60, 227, 215, 173, 97, 58, 181, 133, 144, 194, 104, 4, 62, 233, 50
