# Final optimized S-box - THREAD-SAFE VERSION with Early Stopping
# Generated on: 2025-09-15T13:18:43.942
# Format: 16 values per line (256 total)

sbox = UInt8[
    142, 107, 195, 243, 214, 192,  27, 128,   7,  37,   8, 208, 222, 132, 248, 225,
    166,  34, 159,  45, 216,  10, 163,  87,  31, 156,  81,  19, 154, 249,  11,  44,
    149,  49, 218,  62, 134,  95, 185, 240,  85,  82, 180,  65,  78, 183, 100,  35,
    140,  69, 247,  96,  76,  43, 161,  21, 151,  77,  68,  84, 191, 164,  15, 144,
    131,  24,   0,  40, 207,  53, 137, 109,  36, 123, 119, 148, 127, 173,  83,  80,
    178, 186, 255,  64, 177,  73, 187, 219, 220, 212, 150,   6,  63, 199, 252, 122,
     23,  18,  91, 189,  55,  89,  39, 233,   1,  94, 143, 111, 210, 235,  42,   3,
    102, 108,  86, 152, 160, 105,  54, 232, 138, 221, 224, 211,   4,  51, 116, 157,
    169, 174, 146, 162, 175, 234, 110,  59, 198, 238, 113,  98,  79, 226,  93,  70,
    179, 176,  67,  92, 120, 200, 106, 253, 193, 206, 126,  99, 124,  22, 182, 112,
    230, 239, 172,  16, 135, 223,  74,  20,  66, 250, 155, 158, 245, 118,   2, 231,
     56, 203, 130, 246,  41, 184,  75,  28,  47,  48, 217, 114, 244, 136, 117,  17,
    147, 188, 228, 241, 121,  90, 168, 103,  30, 139,  72,  25,  29, 202, 165, 141,
     61,  14, 197,  32,  26, 170, 181, 145,  46,  38,   5, 251, 153, 115, 104, 209,
     12, 229, 242, 190, 129, 213,  88, 236, 171, 237,  71,  52,  57, 196, 101,   9,
    254,  60, 227, 215, 125,  97,  58, 205, 133, 201, 194, 167, 204,  33,  13,  50
]

# Comma-separated format:
142, 107, 195, 243, 214, 192, 27, 128, 7, 37, 8, 208, 222, 132, 248, 225, 166, 34, 159, 45, 216, 10, 163, 87, 31, 156, 81, 19, 154, 249, 11, 44, 149, 49, 218, 62, 134, 95, 185, 240, 85, 82, 180, 65, 78, 183, 100, 35, 140, 69, 247, 96, 76, 43, 161, 21, 151, 77, 68, 84, 191, 164, 15, 144, 131, 24, 0, 40, 207, 53, 137, 109, 36, 123, 119, 148, 127, 173, 83, 80, 178, 186, 255, 64, 177, 73, 187, 219, 220, 212, 150, 6, 63, 199, 252, 122, 23, 18, 91, 189, 55, 89, 39, 233, 1, 94, 143, 111, 210, 235, 42, 3, 102, 108, 86, 152, 160, 105, 54, 232, 138, 221, 224, 211, 4, 51, 116, 157, 169, 174, 146, 162, 175, 234, 110, 59, 198, 238, 113, 98, 79, 226, 93, 70, 179, 176, 67, 92, 120, 200, 106, 253, 193, 206, 126, 99, 124, 22, 182, 112, 230, 239, 172, 16, 135, 223, 74, 20, 66, 250, 155, 158, 245, 118, 2, 231, 56, 203, 130, 246, 41, 184, 75, 28, 47, 48, 217, 114, 244, 136, 117, 17, 147, 188, 228, 241, 121, 90, 168, 103, 30, 139, 72, 25, 29, 202, 165, 141, 61, 14, 197, 32, 26, 170, 181, 145, 46, 38, 5, 251, 153, 115, 104, 209, 12, 229, 242, 190, 129, 213, 88, 236, 171, 237, 71, 52, 57, 196, 101, 9, 254, 60, 227, 215, 125, 97, 58, 205, 133, 201, 194, 167, 204, 33, 13, 50
