# Final optimized S-box - THREAD-SAFE VERSION with Early Stopping
# Generated on: 2025-09-16T15:02:10.874
# Format: 16 values per line (256 total)

sbox = UInt8[
    142, 107, 195, 243, 214,  98,  27,  78, 183,  18,   8, 208, 222, 132, 248, 225,
    166,   3,   4, 190, 114, 174, 160,  87,  83, 217,  54,  19, 154, 128, 130,  44,
    149,  49,   0,  71, 192, 198, 163, 138,  85,  82, 180, 137, 220, 167, 100, 156,
    140,  69, 247,  96,  76,  43, 161, 240, 151,  77, 193, 109, 207, 201,  36, 164,
    131,  10, 121, 146,  41, 102,  51,  35,  39,  38, 119, 148,  24, 125, 135,  80,
    178, 205,  53,  64, 186,  81, 187, 150, 177, 212, 219, 231, 141,  28, 252, 122,
     23,  37,  16, 189,  55,  89,   7, 139,  33,  94, 143, 111,  50, 235, 185, 182,
    255, 108,   6,  93,  68,  58,  13, 232,  21, 230,  73, 136, 110,  91,  42, 157,
    196,  65,  14, 162, 175, 234,  45,  59, 209, 246, 206,  86,  79,  30,  63,  70,
    251, 176, 103,  92, 120, 200, 106, 253, 211, 145, 126,  99, 228,  22,  15, 112,
    158, 239, 168, 127,  25, 223,  74,  20,  66, 250, 155, 221, 245, 118, 199, 134,
    124, 113,  11, 238, 191, 184,  75,  31,  47,  48,  26, 169, 216, 218, 117,  17,
    147,  67,  56, 224, 233, 244, 241,  34,  72, 249, 153,   2,  29, 202, 165,  95,
      1,  40, 197, 213,  84, 170, 179, 152,  46, 188,   5, 203, 226, 115, 104,  90,
     12, 229, 242, 159, 129,  32,  88, 236, 171, 237,  61,  52,  57,  97, 101,   9,
    254,  60, 227, 215, 173, 172, 204, 181, 133, 144, 194, 123, 105,  62, 116, 210
]

# Comma-separated format:
142, 107, 195, 243, 214, 98, 27, 78, 183, 18, 8, 208, 222, 132, 248, 225, 166, 3, 4, 190, 114, 174, 160, 87, 83, 217, 54, 19, 154, 128, 130, 44, 149, 49, 0, 71, 192, 198, 163, 138, 85, 82, 180, 137, 220, 167, 100, 156, 140, 69, 247, 96, 76, 43, 161, 240, 151, 77, 193, 109, 207, 201, 36, 164, 131, 10, 121, 146, 41, 102, 51, 35, 39, 38, 119, 148, 24, 125, 135, 80, 178, 205, 53, 64, 186, 81, 187, 150, 177, 212, 219, 231, 141, 28, 252, 122, 23, 37, 16, 189, 55, 89, 7, 139, 33, 94, 143, 111, 50, 235, 185, 182, 255, 108, 6, 93, 68, 58, 13, 232, 21, 230, 73, 136, 110, 91, 42, 157, 196, 65, 14, 162, 175, 234, 45, 59, 209, 246, 206, 86, 79, 30, 63, 70, 251, 176, 103, 92, 120, 200, 106, 253, 211, 145, 126, 99, 228, 22, 15, 112, 158, 239, 168, 127, 25, 223, 74, 20, 66, 250, 155, 221, 245, 118, 199, 134, 124, 113, 11, 238, 191, 184, 75, 31, 47, 48, 26, 169, 216, 218, 117, 17, 147, 67, 56, 224, 233, 244, 241, 34, 72, 249, 153, 2, 29, 202, 165, 95, 1, 40, 197, 213, 84, 170, 179, 152, 46, 188, 5, 203, 226, 115, 104, 90, 12, 229, 242, 159, 129, 32, 88, 236, 171, 237, 61, 52, 57, 97, 101, 9, 254, 60, 227, 215, 173, 172, 204, 181, 133, 144, 194, 123, 105, 62, 116, 210
