# Final optimized S-box - THREAD-SAFE VERSION with Early Stopping
# Generated on: 2025-09-15T03:04:32.281
# Format: 16 values per line (256 total)

sbox = UInt8[
    142, 107, 195, 175, 214,  98,  27,  78, 140,  83,   8, 208, 222, 132, 248, 225,
    134,   3, 238,  45, 114, 210, 244,  87, 147, 217, 163,  19, 154,  15,  11,  44,
    149,  49, 213,   7, 192,  25, 116,   4,  85,  82, 180, 128, 220, 167, 100, 161,
    183,  69, 247,  96,  76,  43, 156,  21, 151,  77,  90,  84, 197,  33,  46, 164,
    245,  10,   0, 146,  41,  53, 115, 109, 117,  38, 174, 148,  24, 125, 135,  80,
    178, 205, 255, 129, 119,  73, 187, 150, 145, 212,  54, 186,  95, 207, 252, 234,
     23,  37,  91, 189, 229,  89,  75, 121, 201,  93, 153, 111, 231, 235, 159, 182,
    102, 108,  86, 152, 160,  65,  13, 232, 138, 230, 224, 211, 110,  51, 185, 157,
    196, 127, 188, 162, 120, 250,  42,  59,  64, 246, 203,   6,  79, 226,  63,  70,
    179, 176,  36,  92,  34, 144, 106, 253, 193, 206, 126,  99,  56,  22, 124, 112,
    158, 239, 172,  16,  31, 123,  74, 200,  66, 122, 155, 221, 170,  39,   2,  55,
    118, 113, 131, 240,  17, 184,  71,  28,  47,  48,  26, 219, 216, 136, 243, 191,
     18,  72, 228, 241, 233,  68, 168, 103,  30, 139,  14,  94,  29, 202, 165, 141,
      1,  40, 199, 177,  35, 130,  20, 198, 249,  67,   5, 251, 143, 105, 104, 218,
     12, 236, 242, 190, 209,  32,  88, 166, 171, 237,  61,  52,  57,  81, 101,   9,
    254,  60, 227, 215, 173,  97,  58, 181, 133, 137, 194, 223, 204,  62, 169,  50
]

# Comma-separated format:
142, 107, 195, 175, 214, 98, 27, 78, 140, 83, 8, 208, 222, 132, 248, 225, 134, 3, 238, 45, 114, 210, 244, 87, 147, 217, 163, 19, 154, 15, 11, 44, 149, 49, 213, 7, 192, 25, 116, 4, 85, 82, 180, 128, 220, 167, 100, 161, 183, 69, 247, 96, 76, 43, 156, 21, 151, 77, 90, 84, 197, 33, 46, 164, 245, 10, 0, 146, 41, 53, 115, 109, 117, 38, 174, 148, 24, 125, 135, 80, 178, 205, 255, 129, 119, 73, 187, 150, 145, 212, 54, 186, 95, 207, 252, 234, 23, 37, 91, 189, 229, 89, 75, 121, 201, 93, 153, 111, 231, 235, 159, 182, 102, 108, 86, 152, 160, 65, 13, 232, 138, 230, 224, 211, 110, 51, 185, 157, 196, 127, 188, 162, 120, 250, 42, 59, 64, 246, 203, 6, 79, 226, 63, 70, 179, 176, 36, 92, 34, 144, 106, 253, 193, 206, 126, 99, 56, 22, 124, 112, 158, 239, 172, 16, 31, 123, 74, 200, 66, 122, 155, 221, 170, 39, 2, 55, 118, 113, 131, 240, 17, 184, 71, 28, 47, 48, 26, 219, 216, 136, 243, 191, 18, 72, 228, 241, 233, 68, 168, 103, 30, 139, 14, 94, 29, 202, 165, 141, 1, 40, 199, 177, 35, 130, 20, 198, 249, 67, 5, 251, 143, 105, 104, 218, 12, 236, 242, 190, 209, 32, 88, 166, 171, 237, 61, 52, 57, 81, 101, 9, 254, 60, 227, 215, 173, 97, 58, 181, 133, 137, 194, 223, 204, 62, 169, 50
