# Final optimized S-box - THREAD-SAFE VERSION with Early Stopping
# Generated on: 2025-09-18T03:48:17.542
# Format: 16 values per line (256 total)

sbox = UInt8[
     66, 230,   3, 135,  24, 113,  22, 246, 100,   7, 125,  35, 148,  10,  43, 201,
    174,  91,  97,  20, 143,  60, 242,  18,   6,  25, 227,  12, 142,  51, 236,  92,
     17,  41, 251, 126, 167, 231,  96, 121,  29, 110,  42,  40, 156,  36, 221, 123,
    183, 205,  63,  56,  80,  53,  16, 106, 228, 217,  67, 255, 212, 216, 252,  38,
     95,   2, 244, 157,  54, 149, 254, 122,  98, 151,  28,  57, 184,  71, 108,  70,
    120,  48,  64,  74, 165,  85,   9,  19, 207, 173,  31,  13, 144,  44, 215, 166,
    249, 159, 250, 186, 229, 243, 182, 240, 114,  73, 104, 130, 161, 131,  99,  78,
    245,  11, 169,  88,  21, 192, 180, 146, 117, 115, 119, 168, 234, 152,  84, 214,
    204,  90, 202, 101, 224, 193,  15, 241,  79,  72, 187,  34, 176, 129,  45, 170,
    102,  93, 235, 226,  89, 109, 203, 136, 138,  94,  23,  77, 134,  50, 158, 233,
     59,  86, 150, 191,  14, 133, 105, 210, 118, 195, 171, 132, 128,  76, 124,  26,
     65, 223, 111, 239, 185, 160, 137,  82,  32, 175, 127, 194,  37,  69,  30, 200,
    181, 213, 147, 107, 116,  52, 190, 141, 177,  61, 222, 162, 172,  46, 196, 188,
     27,   0, 237,  87, 154, 208,  81, 145, 247, 238, 218, 112, 211, 232,  62, 219,
    220, 199, 225,   4, 163, 198,  33,  58,   8,  68, 189, 179, 164, 206,  55, 139,
     39, 248, 155, 140, 153, 197,  49,   1, 209,  47, 178,   5,  83, 253, 103,  75
]

# Comma-separated format:
66, 230, 3, 135, 24, 113, 22, 246, 100, 7, 125, 35, 148, 10, 43, 201, 174, 91, 97, 20, 143, 60, 242, 18, 6, 25, 227, 12, 142, 51, 236, 92, 17, 41, 251, 126, 167, 231, 96, 121, 29, 110, 42, 40, 156, 36, 221, 123, 183, 205, 63, 56, 80, 53, 16, 106, 228, 217, 67, 255, 212, 216, 252, 38, 95, 2, 244, 157, 54, 149, 254, 122, 98, 151, 28, 57, 184, 71, 108, 70, 120, 48, 64, 74, 165, 85, 9, 19, 207, 173, 31, 13, 144, 44, 215, 166, 249, 159, 250, 186, 229, 243, 182, 240, 114, 73, 104, 130, 161, 131, 99, 78, 245, 11, 169, 88, 21, 192, 180, 146, 117, 115, 119, 168, 234, 152, 84, 214, 204, 90, 202, 101, 224, 193, 15, 241, 79, 72, 187, 34, 176, 129, 45, 170, 102, 93, 235, 226, 89, 109, 203, 136, 138, 94, 23, 77, 134, 50, 158, 233, 59, 86, 150, 191, 14, 133, 105, 210, 118, 195, 171, 132, 128, 76, 124, 26, 65, 223, 111, 239, 185, 160, 137, 82, 32, 175, 127, 194, 37, 69, 30, 200, 181, 213, 147, 107, 116, 52, 190, 141, 177, 61, 222, 162, 172, 46, 196, 188, 27, 0, 237, 87, 154, 208, 81, 145, 247, 238, 218, 112, 211, 232, 62, 219, 220, 199, 225, 4, 163, 198, 33, 58, 8, 68, 189, 179, 164, 206, 55, 139, 39, 248, 155, 140, 153, 197, 49, 1, 209, 47, 178, 5, 83, 253, 103, 75
