# Final optimized S-box - THREAD-SAFE VERSION with Early Stopping
# Generated on: 2025-09-17T16:26:24.696
# Format: 16 values per line (256 total)

sbox = UInt8[
    105, 193, 214,  98,  26, 235,  21,  91,  46, 248, 151,  52,  30, 211, 203, 255,
    127,  55, 174,   0, 232, 216,  53, 207, 230, 112, 222, 168, 128, 221, 252,  40,
     88,  34, 122, 120,  41, 196,  29,  36, 188, 171,  71, 202,  51, 239,  82,  79,
    192,  60, 224, 213, 167,  14,  17, 145, 124, 173,  45,  27,  54,  59, 247, 186,
     92, 113,  99, 184, 205, 243, 197,  31, 149, 179, 129,  73,  22, 223, 212,   2,
    110,  16, 107,  96, 226,  32,   3,  69, 177, 201,  84,  80,  85, 147,  28, 104,
      7,  68, 153, 237,  25, 115,  87,  90, 215, 118,   9,  13, 250, 190,  94, 176,
     39,  20,  67, 140, 204, 170,  74,  35, 117, 100, 251, 219,  89, 166, 132, 163,
    253, 133, 194,  38,  86, 195, 254,  61, 185,  70,  77, 208,  78, 165,  18, 228,
    138, 217,  58, 136, 109, 162, 169,  97, 141, 148,  44,  24, 135, 210, 142, 111,
     47,   8, 155, 144, 125, 236, 116,  11, 191,   6, 180,  83, 114, 102,  56,  64,
    130, 206, 220, 241,  12, 233, 229, 249, 178, 200, 209, 234,  81, 137, 150,  37,
     10, 225,  19,  15,  76, 119, 152, 101, 172, 198, 139,  63, 246,  23, 123, 103,
    218, 161, 158, 121, 126, 242, 146, 156,  66,   1,  50,  43, 227, 240, 159, 245,
    131, 182,  57,  48, 134,   5,  75, 164, 187,  65, 160, 244,  49,  95, 157,   4,
    108,  72, 238, 154, 183, 181, 199,  93, 175,  62, 106,  33,  42, 143, 231, 189
]

# Comma-separated format:
105, 193, 214, 98, 26, 235, 21, 91, 46, 248, 151, 52, 30, 211, 203, 255, 127, 55, 174, 0, 232, 216, 53, 207, 230, 112, 222, 168, 128, 221, 252, 40, 88, 34, 122, 120, 41, 196, 29, 36, 188, 171, 71, 202, 51, 239, 82, 79, 192, 60, 224, 213, 167, 14, 17, 145, 124, 173, 45, 27, 54, 59, 247, 186, 92, 113, 99, 184, 205, 243, 197, 31, 149, 179, 129, 73, 22, 223, 212, 2, 110, 16, 107, 96, 226, 32, 3, 69, 177, 201, 84, 80, 85, 147, 28, 104, 7, 68, 153, 237, 25, 115, 87, 90, 215, 118, 9, 13, 250, 190, 94, 176, 39, 20, 67, 140, 204, 170, 74, 35, 117, 100, 251, 219, 89, 166, 132, 163, 253, 133, 194, 38, 86, 195, 254, 61, 185, 70, 77, 208, 78, 165, 18, 228, 138, 217, 58, 136, 109, 162, 169, 97, 141, 148, 44, 24, 135, 210, 142, 111, 47, 8, 155, 144, 125, 236, 116, 11, 191, 6, 180, 83, 114, 102, 56, 64, 130, 206, 220, 241, 12, 233, 229, 249, 178, 200, 209, 234, 81, 137, 150, 37, 10, 225, 19, 15, 76, 119, 152, 101, 172, 198, 139, 63, 246, 23, 123, 103, 218, 161, 158, 121, 126, 242, 146, 156, 66, 1, 50, 43, 227, 240, 159, 245, 131, 182, 57, 48, 134, 5, 75, 164, 187, 65, 160, 244, 49, 95, 157, 4, 108, 72, 238, 154, 183, 181, 199, 93, 175, 62, 106, 33, 42, 143, 231, 189
