# Final optimized S-box - THREAD-SAFE VERSION with Early Stopping
# Generated on: 2025-09-18T18:21:41.403
# Format: 16 values per line (256 total)

sbox = UInt8[
     99, 234, 219, 165, 231,  38,  53, 240, 161, 195, 116,  88,  93, 152, 210, 227,
      9, 250,  51, 148,  62, 101, 137,  36,  83, 225, 209, 151,  57, 184, 158, 114,
    110, 157, 162,   0,  98,   2,  23,  69, 216, 208,  15, 115, 147,  21, 218,  17,
     13,  91, 239, 190,  37,  81, 189, 143, 253,  40,  18, 105,  92, 168, 215, 146,
    160, 226,  70,  50,  82, 252,  67, 125, 201, 134, 217, 176, 156, 103,  11,  97,
     90, 186,   8,   1,  96,  71, 222,  28, 113,  27, 123, 248,  30, 163, 174,  31,
      4, 191, 220, 205, 153, 129,  35, 243,  33, 251, 155, 133, 131, 238, 136, 246,
     72, 108, 199, 100, 254, 144,  65, 244, 170, 145, 159, 213, 228,  25, 196, 175,
    166,   6, 207,  64, 142, 203, 109,  24,  10, 194, 122,  75, 214,  54, 192, 150,
     34,  47, 247, 229, 141, 102, 112,  89,  66, 106,  76, 211, 138, 241, 127,  61,
    128,  14,   5,  74, 187,  59,  19,  43, 121, 236,  87, 206,  16,  73,  77, 140,
    126,  78, 164, 193,  95,  12,  94, 255, 132, 139,  32, 188, 111,  42, 221,  20,
    172,  58, 237, 232,  39, 180, 107, 149,  85, 197,  63, 169, 181,  45,  41,  56,
    171,  84, 119,  49, 204, 249, 182, 178,   3,  29, 154, 224, 130,  44, 242, 124,
     55, 173,  60, 104, 120, 177, 245, 179, 135, 212,  26,  79,   7,  52, 117, 198,
     86, 233, 235, 167, 202, 183,  46,  68, 118, 200, 185,  48, 230, 223,  80,  22
]

# Comma-separated format:
99, 234, 219, 165, 231, 38, 53, 240, 161, 195, 116, 88, 93, 152, 210, 227, 9, 250, 51, 148, 62, 101, 137, 36, 83, 225, 209, 151, 57, 184, 158, 114, 110, 157, 162, 0, 98, 2, 23, 69, 216, 208, 15, 115, 147, 21, 218, 17, 13, 91, 239, 190, 37, 81, 189, 143, 253, 40, 18, 105, 92, 168, 215, 146, 160, 226, 70, 50, 82, 252, 67, 125, 201, 134, 217, 176, 156, 103, 11, 97, 90, 186, 8, 1, 96, 71, 222, 28, 113, 27, 123, 248, 30, 163, 174, 31, 4, 191, 220, 205, 153, 129, 35, 243, 33, 251, 155, 133, 131, 238, 136, 246, 72, 108, 199, 100, 254, 144, 65, 244, 170, 145, 159, 213, 228, 25, 196, 175, 166, 6, 207, 64, 142, 203, 109, 24, 10, 194, 122, 75, 214, 54, 192, 150, 34, 47, 247, 229, 141, 102, 112, 89, 66, 106, 76, 211, 138, 241, 127, 61, 128, 14, 5, 74, 187, 59, 19, 43, 121, 236, 87, 206, 16, 73, 77, 140, 126, 78, 164, 193, 95, 12, 94, 255, 132, 139, 32, 188, 111, 42, 221, 20, 172, 58, 237, 232, 39, 180, 107, 149, 85, 197, 63, 169, 181, 45, 41, 56, 171, 84, 119, 49, 204, 249, 182, 178, 3, 29, 154, 224, 130, 44, 242, 124, 55, 173, 60, 104, 120, 177, 245, 179, 135, 212, 26, 79, 7, 52, 117, 198, 86, 233, 235, 167, 202, 183, 46, 68, 118, 200, 185, 48, 230, 223, 80, 22
