# Final optimized S-box - THREAD-SAFE VERSION with Early Stopping
# Generated on: 2025-09-12T03:59:28.096
# Format: 16 values per line (256 total)

sbox = UInt8[
    217, 218,   2, 204,   3, 229,  98, 163, 162,  41, 137, 235, 181,  56,  16,  61,
    224, 179, 142,  19, 174, 248, 159, 123,  25,  24, 203, 154,  48,  67, 230,   9,
    130,  29, 135, 150, 214,  33, 134, 114, 169, 109,  13, 182,  53,  23,  80, 239,
    178, 211, 165,  39,  45, 241, 200,  55, 143, 104,  94, 190, 111, 202, 124, 151,
    122,  64,  76, 170,  10, 171,  87, 199, 184, 254,  81, 196, 189, 186, 206,  79,
     75, 156, 228, 250,  38,  28, 116, 244,  65, 127,  59,  78, 209,  92, 216,  88,
     96,  83,  97, 152,  54, 176, 144, 185, 100,  89, 102,  26,  11, 166, 118,  99,
    167, 172,  32, 155,  30, 145, 201, 140, 213, 191, 215,  17,  14, 192, 212,  52,
    255, 125, 180, 164, 119,  68, 105,  85, 205,  63, 219,  90, 242, 108, 101, 227,
     12,   5, 146,  36, 198, 149, 136, 232, 252,  91,  35, 115, 208,  18, 197, 113,
     74, 121,  43, 117,  84, 251,   6, 194,  34, 193, 222, 112, 141, 161,  42,  47,
    237,  95,  62,  15, 153,   7, 238, 183,  66, 106, 195, 177,  60, 103, 129, 246,
    187, 249,  57, 207, 236,  49,  93,  86, 245, 110, 126, 107,  71, 133, 131,  58,
    147, 223, 247,  73, 225, 157, 158, 240, 128, 221,  46, 168, 210,  22,  27,   4,
    173,  69,  20, 132,   8,   0, 188, 220,  82,   1, 234, 139, 160,  70, 138, 233,
     40,  44, 226, 243,  72,  21,  50, 175, 120,  31, 231,  51,  37, 253,  77, 148
]

# Comma-separated format:
217, 218, 2, 204, 3, 229, 98, 163, 162, 41, 137, 235, 181, 56, 16, 61, 224, 179, 142, 19, 174, 248, 159, 123, 25, 24, 203, 154, 48, 67, 230, 9, 130, 29, 135, 150, 214, 33, 134, 114, 169, 109, 13, 182, 53, 23, 80, 239, 178, 211, 165, 39, 45, 241, 200, 55, 143, 104, 94, 190, 111, 202, 124, 151, 122, 64, 76, 170, 10, 171, 87, 199, 184, 254, 81, 196, 189, 186, 206, 79, 75, 156, 228, 250, 38, 28, 116, 244, 65, 127, 59, 78, 209, 92, 216, 88, 96, 83, 97, 152, 54, 176, 144, 185, 100, 89, 102, 26, 11, 166, 118, 99, 167, 172, 32, 155, 30, 145, 201, 140, 213, 191, 215, 17, 14, 192, 212, 52, 255, 125, 180, 164, 119, 68, 105, 85, 205, 63, 219, 90, 242, 108, 101, 227, 12, 5, 146, 36, 198, 149, 136, 232, 252, 91, 35, 115, 208, 18, 197, 113, 74, 121, 43, 117, 84, 251, 6, 194, 34, 193, 222, 112, 141, 161, 42, 47, 237, 95, 62, 15, 153, 7, 238, 183, 66, 106, 195, 177, 60, 103, 129, 246, 187, 249, 57, 207, 236, 49, 93, 86, 245, 110, 126, 107, 71, 133, 131, 58, 147, 223, 247, 73, 225, 157, 158, 240, 128, 221, 46, 168, 210, 22, 27, 4, 173, 69, 20, 132, 8, 0, 188, 220, 82, 1, 234, 139, 160, 70, 138, 233, 40, 44, 226, 243, 72, 21, 50, 175, 120, 31, 231, 51, 37, 253, 77, 148
