# Final optimized S-box - THREAD-SAFE VERSION with Early Stopping
# Generated on: 2025-09-12T18:59:23.053
# Format: 16 values per line (256 total)

sbox = UInt8[
     76, 130, 214,   1,  26, 235,  21,  91,  46, 110, 151, 245,  84, 211, 203, 255,
    127,  55, 174,   0, 229, 216,  99, 207,  23, 112, 222,  59,  53, 221, 252,  40,
     79,  34, 122, 120,  41, 173, 143, 183,  29, 171,  71, 170,  51, 239,  52, 118,
    232,  60, 135, 213, 167,  14, 152,  30, 124, 165,  48,  27, 197, 185,  83, 184,
     92, 113, 231,  28, 205, 243,  12,  31, 149, 179, 247,  73,  13, 248, 212,   2,
    105,  16, 107,  96, 226,  32,   3,  69, 177, 215,  50,   7,  85, 200, 188,  98,
    128,  68, 189, 237,  25,  19, 115,  90, 191,  88,   9, 153, 250, 172,  94,  82,
     39, 186,  67,  57, 220, 142,  74, 168, 241, 100, 251, 219,  89, 166, 132, 163,
    114, 133, 196,  38,  86, 195, 230,  61, 150,  70,  77, 208,  78, 176,  18, 228,
    138, 217,  58, 136, 109, 162,  45,  97, 141, 148,  44,  24, 147,  17, 202, 111,
     47,   8, 155, 144, 125, 236, 116,  11, 201, 182, 180, 129, 253, 102,  56,  64,
    131, 206, 159, 101,  20, 233, 192,  81, 178, 249, 209, 234, 224, 137, 254,  36,
     10, 225,  87,  15, 223, 119,  54, 117, 158, 198, 139,  63, 246,  35, 123, 103,
    218, 161, 190, 121, 140, 242, 146, 156,  66, 104, 145,  43, 227, 240, 204, 210,
     80,   6, 126, 169, 134,   5,  75, 194, 187,  65, 160, 244,  49,  95, 157,   4,
    108,  72, 238, 154,  37, 181, 199,  93, 175,  62, 106,  33,  42,  22, 193, 164
]

# Comma-separated format:
76, 130, 214, 1, 26, 235, 21, 91, 46, 110, 151, 245, 84, 211, 203, 255, 127, 55, 174, 0, 229, 216, 99, 207, 23, 112, 222, 59, 53, 221, 252, 40, 79, 34, 122, 120, 41, 173, 143, 183, 29, 171, 71, 170, 51, 239, 52, 118, 232, 60, 135, 213, 167, 14, 152, 30, 124, 165, 48, 27, 197, 185, 83, 184, 92, 113, 231, 28, 205, 243, 12, 31, 149, 179, 247, 73, 13, 248, 212, 2, 105, 16, 107, 96, 226, 32, 3, 69, 177, 215, 50, 7, 85, 200, 188, 98, 128, 68, 189, 237, 25, 19, 115, 90, 191, 88, 9, 153, 250, 172, 94, 82, 39, 186, 67, 57, 220, 142, 74, 168, 241, 100, 251, 219, 89, 166, 132, 163, 114, 133, 196, 38, 86, 195, 230, 61, 150, 70, 77, 208, 78, 176, 18, 228, 138, 217, 58, 136, 109, 162, 45, 97, 141, 148, 44, 24, 147, 17, 202, 111, 47, 8, 155, 144, 125, 236, 116, 11, 201, 182, 180, 129, 253, 102, 56, 64, 131, 206, 159, 101, 20, 233, 192, 81, 178, 249, 209, 234, 224, 137, 254, 36, 10, 225, 87, 15, 223, 119, 54, 117, 158, 198, 139, 63, 246, 35, 123, 103, 218, 161, 190, 121, 140, 242, 146, 156, 66, 104, 145, 43, 227, 240, 204, 210, 80, 6, 126, 169, 134, 5, 75, 194, 187, 65, 160, 244, 49, 95, 157, 4, 108, 72, 238, 154, 37, 181, 199, 93, 175, 62, 106, 33, 42, 22, 193, 164
