# Final optimized S-box - THREAD-SAFE VERSION with Early Stopping
# Generated on: 2025-09-21T19:59:08.216
# Format: 16 values per line (256 total)

sbox = UInt8[
    221, 107, 195, 243, 198, 104,  27,  78, 110, 123,   8, 208, 222, 132, 248, 151,
    166, 142,  58,  45, 114, 174, 112, 150,  83,  74, 163,  19, 154, 249,  11, 160,
    149,  35, 145,  71, 209,  62, 116, 240,  85,  82, 180, 137, 220,  54, 100, 178,
    140, 217, 247, 215,  76,  43, 161,  97, 183, 124, 119,  84, 207, 134,  15, 189,
    131,  10,   0, 212,  41,  53,  65, 210,  34,  38,  90,  77,  73, 125, 135,  80,
     87, 147, 255,  49, 186,  16, 187,  28, 177, 197, 219, 231,  95, 199, 252, 122,
    181,  37,  91, 164, 176,  89,   7, 121,  33,  94,  23, 238, 109, 235, 159, 182,
    102, 108,  86, 191, 233, 105, 143, 232, 138, 230, 224, 211, 225,  51, 185, 157,
    196, 127,  14, 162, 175, 234,  42, 228, 192, 246,   3,   6, 218, 226,  63,  70,
    179,  55,  39,  92, 120, 200, 106, 253, 193, 206, 229,  99,  56,  22, 167, 184,
    158, 239, 172,  24,  31, 223,  69,  98,  66, 250, 155,  12, 245, 118,   2, 201,
     93, 113, 146, 111, 244,  36,  75, 156,  47,  48,  26,  32, 216, 136, 117,  17,
    204, 188,  96, 241,  44,  68, 168,  18,  30,  13, 152,  25,  29, 202, 169, 141,
      1,  40, 130, 213,  64, 170, 128, 214,  46,  67,   5, 251, 153, 115,  59,  79,
    203, 126, 242, 190, 129, 165,  88, 236, 171, 237,  61,  52,  57,  81, 101,   9,
    254,  60, 227,  20, 173,  21,   4, 139, 133, 144, 194, 103, 205, 148,  72,  50
]

# Comma-separated format:
221, 107, 195, 243, 198, 104, 27, 78, 110, 123, 8, 208, 222, 132, 248, 151, 166, 142, 58, 45, 114, 174, 112, 150, 83, 74, 163, 19, 154, 249, 11, 160, 149, 35, 145, 71, 209, 62, 116, 240, 85, 82, 180, 137, 220, 54, 100, 178, 140, 217, 247, 215, 76, 43, 161, 97, 183, 124, 119, 84, 207, 134, 15, 189, 131, 10, 0, 212, 41, 53, 65, 210, 34, 38, 90, 77, 73, 125, 135, 80, 87, 147, 255, 49, 186, 16, 187, 28, 177, 197, 219, 231, 95, 199, 252, 122, 181, 37, 91, 164, 176, 89, 7, 121, 33, 94, 23, 238, 109, 235, 159, 182, 102, 108, 86, 191, 233, 105, 143, 232, 138, 230, 224, 211, 225, 51, 185, 157, 196, 127, 14, 162, 175, 234, 42, 228, 192, 246, 3, 6, 218, 226, 63, 70, 179, 55, 39, 92, 120, 200, 106, 253, 193, 206, 229, 99, 56, 22, 167, 184, 158, 239, 172, 24, 31, 223, 69, 98, 66, 250, 155, 12, 245, 118, 2, 201, 93, 113, 146, 111, 244, 36, 75, 156, 47, 48, 26, 32, 216, 136, 117, 17, 204, 188, 96, 241, 44, 68, 168, 18, 30, 13, 152, 25, 29, 202, 169, 141, 1, 40, 130, 213, 64, 170, 128, 214, 46, 67, 5, 251, 153, 115, 59, 79, 203, 126, 242, 190, 129, 165, 88, 236, 171, 237, 61, 52, 57, 81, 101, 9, 254, 60, 227, 20, 173, 21, 4, 139, 133, 144, 194, 103, 205, 148, 72, 50
