# Final optimized S-box - THREAD-SAFE VERSION with Early Stopping
# Generated on: 2025-09-20T18:52:04.552
# Format: 16 values per line (256 total)

sbox = UInt8[
    142, 223, 195, 169, 214,  98,  27,  78, 183,  18,   8, 208, 222, 148, 248, 225,
    166,   3, 122, 228, 229, 182, 162,  21,  83, 217, 163,  82, 154, 249, 157,  44,
    149,  49, 138,  71,  46,  93, 116, 240,  85,  23, 244, 137, 220, 167, 100, 156,
    140,  69, 230,  96,  76,  43, 161, 215, 153,  77,  90,  84, 207, 201,  55, 164,
    131, 196,   0, 146,  41,  99,  65, 109,  34,  38, 105, 135,  24, 125, 132,  80,
    174, 205, 255,  32, 186,  73, 187, 150, 177, 247, 219, 231, 123, 188, 252,  72,
     25, 173,  91, 189,  10,  89,   7, 121, 119,  94, 143, 111, 210, 235, 159,  68,
    102,  31,  86, 152,  19, 113,  13, 232, 151, 212, 224, 199, 110,  97, 185, 128,
    194, 127,  58, 145, 175, 234,  42,  59, 209, 246, 203,   6,  79, 226,  63,  70,
    179, 176,  39, 184, 120, 200, 106, 253,   4,  92, 126,  53,  56,  22,  36, 112,
    158, 239, 172,  16, 160, 107,  74,  20,  66, 250, 155, 221, 192, 118,   2, 134,
    124,  33, 130,  51, 191, 206,  75,  28,  47,  48,  26, 243, 216, 136, 117,  17,
    147, 211, 168, 241, 233, 251,  45, 103,  30, 139,  15,   1,  29, 202,  37, 141,
    108,  40, 197, 213,  35, 170,  11, 198, 193,  67,   5, 178, 237, 115, 104, 218,
     12, 114, 242, 190, 129,  64,  88, 236, 171, 245,  61,  14,  57,  87, 101,   9,
    254,  60, 227,  81, 180, 238,  52, 181, 133, 144,  95, 165, 204,  62,  54,  50
]

# Comma-separated format:
142, 223, 195, 169, 214, 98, 27, 78, 183, 18, 8, 208, 222, 148, 248, 225, 166, 3, 122, 228, 229, 182, 162, 21, 83, 217, 163, 82, 154, 249, 157, 44, 149, 49, 138, 71, 46, 93, 116, 240, 85, 23, 244, 137, 220, 167, 100, 156, 140, 69, 230, 96, 76, 43, 161, 215, 153, 77, 90, 84, 207, 201, 55, 164, 131, 196, 0, 146, 41, 99, 65, 109, 34, 38, 105, 135, 24, 125, 132, 80, 174, 205, 255, 32, 186, 73, 187, 150, 177, 247, 219, 231, 123, 188, 252, 72, 25, 173, 91, 189, 10, 89, 7, 121, 119, 94, 143, 111, 210, 235, 159, 68, 102, 31, 86, 152, 19, 113, 13, 232, 151, 212, 224, 199, 110, 97, 185, 128, 194, 127, 58, 145, 175, 234, 42, 59, 209, 246, 203, 6, 79, 226, 63, 70, 179, 176, 39, 184, 120, 200, 106, 253, 4, 92, 126, 53, 56, 22, 36, 112, 158, 239, 172, 16, 160, 107, 74, 20, 66, 250, 155, 221, 192, 118, 2, 134, 124, 33, 130, 51, 191, 206, 75, 28, 47, 48, 26, 243, 216, 136, 117, 17, 147, 211, 168, 241, 233, 251, 45, 103, 30, 139, 15, 1, 29, 202, 37, 141, 108, 40, 197, 213, 35, 170, 11, 198, 193, 67, 5, 178, 237, 115, 104, 218, 12, 114, 242, 190, 129, 64, 88, 236, 171, 245, 61, 14, 57, 87, 101, 9, 254, 60, 227, 81, 180, 238, 52, 181, 133, 144, 95, 165, 204, 62, 54, 50
