# Final optimized S-box - THREAD-SAFE VERSION with Early Stopping
# Generated on: 2025-09-17T11:57:57.925
# Format: 16 values per line (256 total)

sbox = UInt8[
    105, 130, 214,  35, 222, 235,  21,  91,  25, 189, 167,  44,  84, 211, 203, 181,
    186,  38, 174,   0, 232, 216,   6, 207, 151, 218,  30, 228, 231, 221, 252,  40,
     79,  34, 122,  53,  45, 196, 143, 255, 188, 171,  71,  11, 162, 239,  52, 118,
    192,  60, 224, 213, 166,  14,  29, 250, 124, 173, 126,  27,  54, 185, 247, 112,
     92, 113,  99,  76, 205, 243,  12,  31, 149,  97, 129,  73,  22, 223, 212,   2,
    108,  16, 107,  96, 226,  32,   3,  69, 177, 201, 145,  41,  57, 200,  28,  98,
    128,  68, 165, 237, 163, 115,  87,  90, 215,  88,   9,  13,  26, 172,  94,  82,
     39, 197,  67,  85, 220, 142,  74, 168, 117, 100, 251, 219,  89, 179, 132,  46,
    114, 133, 164, 234,  86, 195, 254,  61,   7,  70,  77, 208,  78,  17,  18,  59,
    138, 217,  58, 136, 109, 253, 169, 242, 141, 148, 210,  24, 135, 176, 202, 111,
     47,   8, 248, 144, 125, 236, 116, 155, 191, 182, 180,  83,  49, 233,  56,  64,
    131, 206, 159, 241,  20, 102, 229, 147, 178, 249, 209,  55,   1, 137, 150,  36,
     10, 160,  19, 199, 110, 119, 152, 101, 158, 198, 139,  63, 246,  23, 123, 103,
    120, 161, 190, 121, 140, 134, 146, 156,  66, 104,  50,  43, 227, 240, 204, 245,
     80, 127,  81, 244, 230,  48,  75, 194, 187,  65,  51, 184, 225,  95, 157,   4,
      5,  72, 238, 154,  37, 183,  15,  93, 175,  62, 106,  33,  42, 153, 193, 170
]

# Comma-separated format:
105, 130, 214, 35, 222, 235, 21, 91, 25, 189, 167, 44, 84, 211, 203, 181, 186, 38, 174, 0, 232, 216, 6, 207, 151, 218, 30, 228, 231, 221, 252, 40, 79, 34, 122, 53, 45, 196, 143, 255, 188, 171, 71, 11, 162, 239, 52, 118, 192, 60, 224, 213, 166, 14, 29, 250, 124, 173, 126, 27, 54, 185, 247, 112, 92, 113, 99, 76, 205, 243, 12, 31, 149, 97, 129, 73, 22, 223, 212, 2, 108, 16, 107, 96, 226, 32, 3, 69, 177, 201, 145, 41, 57, 200, 28, 98, 128, 68, 165, 237, 163, 115, 87, 90, 215, 88, 9, 13, 26, 172, 94, 82, 39, 197, 67, 85, 220, 142, 74, 168, 117, 100, 251, 219, 89, 179, 132, 46, 114, 133, 164, 234, 86, 195, 254, 61, 7, 70, 77, 208, 78, 17, 18, 59, 138, 217, 58, 136, 109, 253, 169, 242, 141, 148, 210, 24, 135, 176, 202, 111, 47, 8, 248, 144, 125, 236, 116, 155, 191, 182, 180, 83, 49, 233, 56, 64, 131, 206, 159, 241, 20, 102, 229, 147, 178, 249, 209, 55, 1, 137, 150, 36, 10, 160, 19, 199, 110, 119, 152, 101, 158, 198, 139, 63, 246, 23, 123, 103, 120, 161, 190, 121, 140, 134, 146, 156, 66, 104, 50, 43, 227, 240, 204, 245, 80, 127, 81, 244, 230, 48, 75, 194, 187, 65, 51, 184, 225, 95, 157, 4, 5, 72, 238, 154, 37, 183, 15, 93, 175, 62, 106, 33, 42, 153, 193, 170
