# Final optimized S-box - THREAD-SAFE VERSION with Early Stopping
# Generated on: 2025-09-22T00:57:52.430
# Format: 16 values per line (256 total)

sbox = UInt8[
    222, 142,  30, 134, 214,  98,  78, 157, 183,  18,   8, 208, 219, 135, 248, 225,
    166, 238, 164,  45, 114, 174, 192,  87, 189, 205, 119,  19, 154, 124,  11,  44,
    149,  49, 145,  71,   2,  93, 116, 240,  85,  82, 180,  95, 220, 167, 100, 156,
    140, 251, 247,  96,  76,  43,  60,  21, 151,  77,  65,  84, 139, 201,  69, 132,
    131, 194,   0, 146,  41,  53,  62, 202,  34,  38, 163, 148, 147,  74, 150,  80,
    178, 223, 255,  64, 186,  73, 187, 159, 177, 212,  27, 231, 137, 199, 252,  48,
     23,  37,  91, 129,  55,  89,   7, 121,  33,  94, 143, 111, 210, 235, 123, 182,
    239, 108,  63, 152, 237, 105,  13, 232, 138,  24, 224, 211, 110,  51, 185,  86,
    196,  59,  14, 162, 175,  90,  42,  68, 209, 246, 203,   6,  79, 226,  32, 102,
    179, 176,  39,  92, 120, 200, 106, 253, 193, 206, 109,  99,  56,  22,  36, 112,
    158,  70, 172,  16,   4, 217, 228,  20,  66, 250, 155, 221, 245, 118, 244, 243,
    249, 113, 130,   3, 195, 184,  75,  28,  47,  61,  26, 169, 216, 136, 117,  17,
    230, 188, 125, 241, 233, 127, 168, 103,  31, 207,  72,  25,  29, 126, 165, 141,
      1,  40, 197, 213,  35, 170, 128, 198,  46,  67,   5,  15, 153, 115, 104, 218,
     12, 229, 242, 190,  83, 107,  88, 236, 171, 160, 122,  52,  57,  81, 101,   9,
    254, 161, 227, 215, 173,  97,  58, 181, 133, 234,  10, 191, 204, 144,  54,  50
]

# Comma-separated format:
222, 142, 30, 134, 214, 98, 78, 157, 183, 18, 8, 208, 219, 135, 248, 225, 166, 238, 164, 45, 114, 174, 192, 87, 189, 205, 119, 19, 154, 124, 11, 44, 149, 49, 145, 71, 2, 93, 116, 240, 85, 82, 180, 95, 220, 167, 100, 156, 140, 251, 247, 96, 76, 43, 60, 21, 151, 77, 65, 84, 139, 201, 69, 132, 131, 194, 0, 146, 41, 53, 62, 202, 34, 38, 163, 148, 147, 74, 150, 80, 178, 223, 255, 64, 186, 73, 187, 159, 177, 212, 27, 231, 137, 199, 252, 48, 23, 37, 91, 129, 55, 89, 7, 121, 33, 94, 143, 111, 210, 235, 123, 182, 239, 108, 63, 152, 237, 105, 13, 232, 138, 24, 224, 211, 110, 51, 185, 86, 196, 59, 14, 162, 175, 90, 42, 68, 209, 246, 203, 6, 79, 226, 32, 102, 179, 176, 39, 92, 120, 200, 106, 253, 193, 206, 109, 99, 56, 22, 36, 112, 158, 70, 172, 16, 4, 217, 228, 20, 66, 250, 155, 221, 245, 118, 244, 243, 249, 113, 130, 3, 195, 184, 75, 28, 47, 61, 26, 169, 216, 136, 117, 17, 230, 188, 125, 241, 233, 127, 168, 103, 31, 207, 72, 25, 29, 126, 165, 141, 1, 40, 197, 213, 35, 170, 128, 198, 46, 67, 5, 15, 153, 115, 104, 218, 12, 229, 242, 190, 83, 107, 88, 236, 171, 160, 122, 52, 57, 81, 101, 9, 254, 161, 227, 215, 173, 97, 58, 181, 133, 234, 10, 191, 204, 144, 54, 50
