# Final optimized S-box - THREAD-SAFE VERSION with Early Stopping
# Generated on: 2025-09-19T22:35:32.435
# Format: 16 values per line (256 total)

sbox = UInt8[
    142, 107, 208, 243, 214,  98,  27,  78, 183,  37, 152, 175, 141, 132, 248, 213,
    166,   3,   4, 173, 216, 156, 244,  87,  83, 164, 252,  19,  82, 249, 120,  44,
    199,  32,  51,  71, 192,  93, 116, 240,  85, 178, 180, 137, 186, 167, 100,  18,
    140,  69, 247,  96,  76,  43, 242,  21, 151,  77,  90,  84, 191,  33,  15,   7,
    131,  10,   0, 112, 207,  53,  65, 109,   6,  67, 119, 148,  92, 125, 135,  80,
    126, 205, 255,  64, 177,  73, 187, 150, 220, 212, 219, 231,  95, 195, 161, 122,
     23, 174,  91, 189,  55,  89, 222, 121,  35,  94, 143, 111, 210, 158, 159, 157,
    102, 108,  86, 106, 160, 105, 250, 232, 134, 230, 224, 211, 110, 124, 185, 182,
    196, 127,  14, 149, 123, 234,  42,  59, 209, 246, 238, 228,  79, 226,  63,  70,
    179, 176,  39,   9,  11, 200,  17, 253, 193, 215, 154,  99,  56,  22,  36, 153,
     31, 203, 172,  16, 235,  72,  74,  20,  66,  45, 155, 221, 245, 118,   2, 146,
     49, 113, 138, 239, 218, 184,  75,  28,  47,  48,  26, 114, 169, 136, 117,   8,
    147, 188, 217, 241, 233,  68, 168, 103,  30, 139, 223,  25,  29, 163, 165, 170,
      1,  40, 197, 130, 201,  34, 145, 225,  46,  38,   5, 251, 198, 115, 104,  41,
     12, 229, 202, 190, 129, 128,  88, 236, 171, 237,  61,  52,  57,  81, 101,  24,
    254,  60, 227, 206,  13,  97,  58, 181, 133, 144, 194, 162, 204,  62,  54,  50
]

# Comma-separated format:
142, 107, 208, 243, 214, 98, 27, 78, 183, 37, 152, 175, 141, 132, 248, 213, 166, 3, 4, 173, 216, 156, 244, 87, 83, 164, 252, 19, 82, 249, 120, 44, 199, 32, 51, 71, 192, 93, 116, 240, 85, 178, 180, 137, 186, 167, 100, 18, 140, 69, 247, 96, 76, 43, 242, 21, 151, 77, 90, 84, 191, 33, 15, 7, 131, 10, 0, 112, 207, 53, 65, 109, 6, 67, 119, 148, 92, 125, 135, 80, 126, 205, 255, 64, 177, 73, 187, 150, 220, 212, 219, 231, 95, 195, 161, 122, 23, 174, 91, 189, 55, 89, 222, 121, 35, 94, 143, 111, 210, 158, 159, 157, 102, 108, 86, 106, 160, 105, 250, 232, 134, 230, 224, 211, 110, 124, 185, 182, 196, 127, 14, 149, 123, 234, 42, 59, 209, 246, 238, 228, 79, 226, 63, 70, 179, 176, 39, 9, 11, 200, 17, 253, 193, 215, 154, 99, 56, 22, 36, 153, 31, 203, 172, 16, 235, 72, 74, 20, 66, 45, 155, 221, 245, 118, 2, 146, 49, 113, 138, 239, 218, 184, 75, 28, 47, 48, 26, 114, 169, 136, 117, 8, 147, 188, 217, 241, 233, 68, 168, 103, 30, 139, 223, 25, 29, 163, 165, 170, 1, 40, 197, 130, 201, 34, 145, 225, 46, 38, 5, 251, 198, 115, 104, 41, 12, 229, 202, 190, 129, 128, 88, 236, 171, 237, 61, 52, 57, 81, 101, 24, 254, 60, 227, 206, 13, 97, 58, 181, 133, 144, 194, 162, 204, 62, 54, 50
