# Final optimized S-box - THREAD-SAFE VERSION with Early Stopping
# Generated on: 2025-09-19T01:59:59.856
# Format: 16 values per line (256 total)

sbox = UInt8[
    142, 107, 195, 183, 214, 116,  27,  78, 198,  26,  60, 208, 222, 132, 248, 225,
    166,   3, 115,   8, 114,  76, 244,  87,   7,   2, 154,  19, 209, 249,  11,  44,
      9,  49,  48,  71, 192,  93, 161, 240,  85,  82, 180, 137, 220, 127, 100,  77,
    140,  69, 247,  96, 167,  43,  98,  21, 151,   6,  90,  84, 207, 201,  15, 164,
    160,  10,   0, 146,  41,  53,  65, 109,  34, 149, 119, 148,  24, 125, 135,  80,
    178, 205,  18,   4, 186, 226, 187, 150, 177, 212, 219, 231,  95, 199, 252, 122,
    213,  37,  91, 189,  55,  89,  38, 121, 254,  94, 143, 111,  17, 235, 159, 182,
    102, 108,  86, 152, 162, 105, 242, 232, 138, 230, 224, 211, 110,  68, 185, 191,
    196, 174,  14, 131, 175, 234,  42,  59,  81, 246, 236,  50, 134, 204,  63,  70,
    179, 176,  39, 128, 120, 200, 106, 253, 193, 206, 126,  99,  56,  22,  36, 112,
    158, 245, 172,  16,  31, 223,  23,  20,  66, 250, 155, 221, 239, 118, 217, 173,
    203, 113, 170, 238, 190, 210,  75,  28,  47, 145, 255,  73, 216, 136, 117, 184,
    147, 188, 228, 241, 233,  51, 168, 103,  30, 139,  72,  25,  29, 202, 165, 141,
      1,  40, 197,  74,  35, 130,  92, 243,  46,  67,   5, 251, 153,  64, 104, 218,
     12,  79,  13, 157, 129,  32,  88, 124, 171, 237,  61,  52,  57, 163, 101,  83,
    229,  45, 227, 215,  33,  97,  58, 181, 133, 144, 194, 123, 169,  62,  54, 156
]

# Comma-separated format:
142, 107, 195, 183, 214, 116, 27, 78, 198, 26, 60, 208, 222, 132, 248, 225, 166, 3, 115, 8, 114, 76, 244, 87, 7, 2, 154, 19, 209, 249, 11, 44, 9, 49, 48, 71, 192, 93, 161, 240, 85, 82, 180, 137, 220, 127, 100, 77, 140, 69, 247, 96, 167, 43, 98, 21, 151, 6, 90, 84, 207, 201, 15, 164, 160, 10, 0, 146, 41, 53, 65, 109, 34, 149, 119, 148, 24, 125, 135, 80, 178, 205, 18, 4, 186, 226, 187, 150, 177, 212, 219, 231, 95, 199, 252, 122, 213, 37, 91, 189, 55, 89, 38, 121, 254, 94, 143, 111, 17, 235, 159, 182, 102, 108, 86, 152, 162, 105, 242, 232, 138, 230, 224, 211, 110, 68, 185, 191, 196, 174, 14, 131, 175, 234, 42, 59, 81, 246, 236, 50, 134, 204, 63, 70, 179, 176, 39, 128, 120, 200, 106, 253, 193, 206, 126, 99, 56, 22, 36, 112, 158, 245, 172, 16, 31, 223, 23, 20, 66, 250, 155, 221, 239, 118, 217, 173, 203, 113, 170, 238, 190, 210, 75, 28, 47, 145, 255, 73, 216, 136, 117, 184, 147, 188, 228, 241, 233, 51, 168, 103, 30, 139, 72, 25, 29, 202, 165, 141, 1, 40, 197, 74, 35, 130, 92, 243, 46, 67, 5, 251, 153, 64, 104, 218, 12, 79, 13, 157, 129, 32, 88, 124, 171, 237, 61, 52, 57, 163, 101, 83, 229, 45, 227, 215, 33, 97, 58, 181, 133, 144, 194, 123, 169, 62, 54, 156
