# Final optimized S-box - THREAD-SAFE VERSION with Early Stopping
# Generated on: 2025-09-15T12:16:21.802
# Format: 16 values per line (256 total)

sbox = UInt8[
    142, 234, 195, 243, 214,  98,  27,  78, 183, 157,   8, 192, 222, 173, 184,  95,
    166,   3,   4, 250,  37, 248, 244,  87, 121, 170, 163,  19, 219, 118,  11, 197,
    221, 153, 145,  71, 232, 152, 109, 240,  85, 211, 202, 253, 186, 167, 100, 129,
    140,  44, 205,  82,  76,  10,  53,  21, 108,  24,  90,  84, 191, 162,  79,  49,
    131,  74,  59, 156, 207, 161,  65,  67, 154, 124, 119, 148,  43, 125, 135, 134,
    178,  68, 193,  64, 252,  73, 187, 150, 220, 212, 126, 231, 165, 199, 164, 122,
    107,  18,  91, 189,  55,  89,   7,  83,  33,  94, 117, 111,   2, 235, 159, 149,
    102, 151,  86,  93, 160, 105,  13, 208, 138, 230, 224,  96, 128,  51, 185, 104,
    196, 127,  14, 217, 175,  23,  42, 198, 209, 246, 203,   6,  38, 226,  63,  70,
    179, 176,  39,   0, 120, 200, 106, 182, 255, 206,  34,  99,  56,  22,  36, 112,
    158, 225, 172,  16,  31,  35,  77,  20,  66,  46, 155, 132, 245, 249, 210,  80,
    146, 113, 130, 238,  41, 216,  75,  28,  47,  48,  26, 110, 169, 136, 143, 174,
    147, 188, 228, 241, 233, 247, 168, 114,  30, 139,  72,  25,  29, 180, 239, 141,
      1,  40,  69, 213, 223, 201, 103, 137,  45,  15,   5, 251, 177, 115,  17, 218,
     12, 229, 242, 190, 116,  32,  88, 236, 171, 237,  61,  52,  97,  81, 101,   9,
    254,  60, 227, 215,  92,  57,  58, 181, 133, 144, 194, 123, 204,  62,  54,  50
]

# Comma-separated format:
142, 234, 195, 243, 214, 98, 27, 78, 183, 157, 8, 192, 222, 173, 184, 95, 166, 3, 4, 250, 37, 248, 244, 87, 121, 170, 163, 19, 219, 118, 11, 197, 221, 153, 145, 71, 232, 152, 109, 240, 85, 211, 202, 253, 186, 167, 100, 129, 140, 44, 205, 82, 76, 10, 53, 21, 108, 24, 90, 84, 191, 162, 79, 49, 131, 74, 59, 156, 207, 161, 65, 67, 154, 124, 119, 148, 43, 125, 135, 134, 178, 68, 193, 64, 252, 73, 187, 150, 220, 212, 126, 231, 165, 199, 164, 122, 107, 18, 91, 189, 55, 89, 7, 83, 33, 94, 117, 111, 2, 235, 159, 149, 102, 151, 86, 93, 160, 105, 13, 208, 138, 230, 224, 96, 128, 51, 185, 104, 196, 127, 14, 217, 175, 23, 42, 198, 209, 246, 203, 6, 38, 226, 63, 70, 179, 176, 39, 0, 120, 200, 106, 182, 255, 206, 34, 99, 56, 22, 36, 112, 158, 225, 172, 16, 31, 35, 77, 20, 66, 46, 155, 132, 245, 249, 210, 80, 146, 113, 130, 238, 41, 216, 75, 28, 47, 48, 26, 110, 169, 136, 143, 174, 147, 188, 228, 241, 233, 247, 168, 114, 30, 139, 72, 25, 29, 180, 239, 141, 1, 40, 69, 213, 223, 201, 103, 137, 45, 15, 5, 251, 177, 115, 17, 218, 12, 229, 242, 190, 116, 32, 88, 236, 171, 237, 61, 52, 97, 81, 101, 9, 254, 60, 227, 215, 92, 57, 58, 181, 133, 144, 194, 123, 204, 62, 54, 50
