# Final optimized S-box - THREAD-SAFE VERSION with Early Stopping
# Generated on: 2025-09-11T02:45:00.971
# Format: 16 values per line (256 total)

sbox = UInt8[
    105, 130, 160,   1,  26,  80,  21,  91,  46, 248, 151,  42,  84, 228, 203, 255,
    127,  55, 174,   0, 232, 216,  53, 221, 210, 112,  20,  59, 231, 207, 252,  40,
     79,  34, 122, 120,  41, 196, 117, 183, 188, 171,  76, 170, 150, 110,  52, 180,
    192,  60, 224, 209, 159,  14,  29,  51, 124, 173,  45,  27,  28, 185, 247, 172,
     92, 113,  99, 184, 205, 251,  12,  31, 149, 169, 129,  73,  22, 223,  77,   2,
    108,  16, 107,  96, 230,  32,   3,  69, 177, 143, 145,   7,  85, 200, 201,  98,
    128,  68, 126, 237,  25, 115,  87,  90, 215,  88,   9,  13, 250, 175,  94,  82,
     39, 197,  67,  57, 220, 142,  74, 168,  54, 100,  95, 219,  89, 166, 132, 239,
    114, 133, 164,  38,  86, 195, 254,  61,  35,  70, 244, 208,  78,  17,  18, 211,
    138, 217,  58, 136, 109, 162,  44,  97, 141, 148, 226, 222, 135, 176, 202, 111,
     47,   8, 155, 154, 125, 236, 116, 204, 167, 182, 181,  11, 253, 102,  56,  64,
    131, 206,  43, 213,  24, 233, 229, 147, 178, 249, 241, 234,  81, 137,  30,  36,
     15, 225,  19, 146, 163, 119, 152, 101, 158, 198, 139, 191, 246,  23, 123, 103,
    214, 161, 190, 235, 140, 242,  10, 156,  66, 104,  50,  63, 227, 240,  83, 245,
    121,   6, 165,  48, 134,   5,  75, 194, 187,  65, 218, 212,  49, 243, 157,   4,
    238,  72,  71,  33,  37, 179, 199,  93, 186,  62, 106, 144, 118, 153, 193, 189
]

# Comma-separated format:
105, 130, 160, 1, 26, 80, 21, 91, 46, 248, 151, 42, 84, 228, 203, 255, 127, 55, 174, 0, 232, 216, 53, 221, 210, 112, 20, 59, 231, 207, 252, 40, 79, 34, 122, 120, 41, 196, 117, 183, 188, 171, 76, 170, 150, 110, 52, 180, 192, 60, 224, 209, 159, 14, 29, 51, 124, 173, 45, 27, 28, 185, 247, 172, 92, 113, 99, 184, 205, 251, 12, 31, 149, 169, 129, 73, 22, 223, 77, 2, 108, 16, 107, 96, 230, 32, 3, 69, 177, 143, 145, 7, 85, 200, 201, 98, 128, 68, 126, 237, 25, 115, 87, 90, 215, 88, 9, 13, 250, 175, 94, 82, 39, 197, 67, 57, 220, 142, 74, 168, 54, 100, 95, 219, 89, 166, 132, 239, 114, 133, 164, 38, 86, 195, 254, 61, 35, 70, 244, 208, 78, 17, 18, 211, 138, 217, 58, 136, 109, 162, 44, 97, 141, 148, 226, 222, 135, 176, 202, 111, 47, 8, 155, 154, 125, 236, 116, 204, 167, 182, 181, 11, 253, 102, 56, 64, 131, 206, 43, 213, 24, 233, 229, 147, 178, 249, 241, 234, 81, 137, 30, 36, 15, 225, 19, 146, 163, 119, 152, 101, 158, 198, 139, 191, 246, 23, 123, 103, 214, 161, 190, 235, 140, 242, 10, 156, 66, 104, 50, 63, 227, 240, 83, 245, 121, 6, 165, 48, 134, 5, 75, 194, 187, 65, 218, 212, 49, 243, 157, 4, 238, 72, 71, 33, 37, 179, 199, 93, 186, 62, 106, 144, 118, 153, 193, 189
