# Final optimized S-box - THREAD-SAFE VERSION with Early Stopping
# Generated on: 2025-09-23T15:59:49.889
# Format: 16 values per line (256 total)

sbox = UInt8[
    217, 218,   2, 144,   3, 229,  98, 197, 169, 171, 137, 107, 181,  56,  16,  61,
    224, 179, 142,  19, 167, 235, 205, 123,  25,  63, 203, 154,  48,  67, 230,   9,
    130,  29, 135, 133, 214,  33, 138, 118, 246, 109, 117,  46,  53, 239,  80, 162,
    178, 211, 150,  39, 104, 241, 242,  55,  23,  62,  94, 190, 111, 244, 124, 122,
    151,  64,  24, 129,  10,  50,  87, 199, 184, 254,  13, 196, 189, 186, 206,  79,
     75, 156, 228, 250,  82,  28, 174,  57,  65, 127,  59, 153, 210,  92, 220,  88,
    200,  83,  97, 152,  54, 176, 140,  47, 100,  89, 102,  26, 131, 166, 112,  99,
    143, 187,  45, 155,  30,  22, 201, 158, 213, 191, 215,  17, 165, 192, 212,  52,
    255, 125, 180, 164, 119,  68, 105,  85, 216,  11, 219,  90,  96, 108, 227, 134,
     12,   5, 146,  36, 223,  14, 136, 232, 252,  91, 116, 115, 208, 145,  81, 113,
     78, 121,  43, 163, 202, 251,   6, 194,  32, 193, 222, 114, 149, 161, 168, 247,
    101,  95,  34,  15, 157, 185, 238, 183,  66, 106, 195, 177,  60, 103,  41, 170,
    139, 249, 159, 207, 236,  49,  93,  86, 245, 110, 126,  74,  71, 141,  31, 182,
    147, 234,  76,  73, 225,   0, 237, 240, 128, 221,  58, 172, 248,  18,  27,   4,
    173,  69,  20, 132,   8, 209, 188,  70,  38,   1, 198,  42, 160,  84, 204, 233,
     40,  44, 226, 243,  72,  21,  35, 175, 120,   7, 231,  51,  37, 253,  77, 148
]

# Comma-separated format:
217, 218, 2, 144, 3, 229, 98, 197, 169, 171, 137, 107, 181, 56, 16, 61, 224, 179, 142, 19, 167, 235, 205, 123, 25, 63, 203, 154, 48, 67, 230, 9, 130, 29, 135, 133, 214, 33, 138, 118, 246, 109, 117, 46, 53, 239, 80, 162, 178, 211, 150, 39, 104, 241, 242, 55, 23, 62, 94, 190, 111, 244, 124, 122, 151, 64, 24, 129, 10, 50, 87, 199, 184, 254, 13, 196, 189, 186, 206, 79, 75, 156, 228, 250, 82, 28, 174, 57, 65, 127, 59, 153, 210, 92, 220, 88, 200, 83, 97, 152, 54, 176, 140, 47, 100, 89, 102, 26, 131, 166, 112, 99, 143, 187, 45, 155, 30, 22, 201, 158, 213, 191, 215, 17, 165, 192, 212, 52, 255, 125, 180, 164, 119, 68, 105, 85, 216, 11, 219, 90, 96, 108, 227, 134, 12, 5, 146, 36, 223, 14, 136, 232, 252, 91, 116, 115, 208, 145, 81, 113, 78, 121, 43, 163, 202, 251, 6, 194, 32, 193, 222, 114, 149, 161, 168, 247, 101, 95, 34, 15, 157, 185, 238, 183, 66, 106, 195, 177, 60, 103, 41, 170, 139, 249, 159, 207, 236, 49, 93, 86, 245, 110, 126, 74, 71, 141, 31, 182, 147, 234, 76, 73, 225, 0, 237, 240, 128, 221, 58, 172, 248, 18, 27, 4, 173, 69, 20, 132, 8, 209, 188, 70, 38, 1, 198, 42, 160, 84, 204, 233, 40, 44, 226, 243, 72, 21, 35, 175, 120, 7, 231, 51, 37, 253, 77, 148
