# Final optimized S-box - THREAD-SAFE VERSION with Early Stopping
# Generated on: 2025-09-15T14:57:27.133
# Format: 16 values per line (256 total)

sbox = UInt8[
    183, 107, 195, 243, 214,  98, 118,  78,  55,  33,   8, 208, 222, 132, 248, 225,
    166,   3,   4, 109, 216,   9, 142,  87,  83, 217, 163,   2, 154, 153,  11, 188,
     17, 106, 255,  71, 230,  93, 116,  32,  85,  82, 108, 137, 127,  46, 100, 175,
    140,  69, 247,  96,  76,  43, 130,  21, 151,  77,  90,  84, 191, 201, 180, 254,
    131,  10,   0, 146, 164,  53,  65,  45,  34,  67, 249,  80, 193,  51, 135, 128,
    162, 205, 145,  64, 177,  73, 236, 150, 220, 119, 219, 227, 169,  72, 252, 122,
     23,  18,  91, 228, 246,  89,   7, 121, 199, 196, 161, 111, 210, 231, 159, 182,
    102,  94,  86, 152, 160, 105,  13, 232, 138, 192, 240, 211, 186, 178, 185, 157,
     15, 173,  14, 110, 204, 234,  42,  59, 147, 244, 203, 221,  79, 226,  63,  70,
    251, 176,  39,  92, 120, 200, 179, 241, 139,  27, 126,  99,  56,  22,  36, 253,
    158, 187, 172,  16,  31,  41,  74,  20,  66, 250, 155,   6, 245, 143, 233, 134,
    124, 113, 206, 239, 148, 184,  75,  28,  47,  48,  26, 114, 223, 136, 117, 149,
    209, 115, 189,  49,  19,  68, 168, 103,  30, 229, 212,  25,  29, 202, 165, 141,
      1,  40, 197,  24,  35, 170,  95, 198, 167,  38,   5, 112,  37,  44, 104, 218,
     12, 213, 242, 190, 129, 224,  88, 238, 171, 237,  61,  52,  57,  81, 101, 174,
    207,  60, 235, 215, 125,  97,  58, 181, 133, 144, 194, 123, 156,  62,  54,  50
]

# Comma-separated format:
183, 107, 195, 243, 214, 98, 118, 78, 55, 33, 8, 208, 222, 132, 248, 225, 166, 3, 4, 109, 216, 9, 142, 87, 83, 217, 163, 2, 154, 153, 11, 188, 17, 106, 255, 71, 230, 93, 116, 32, 85, 82, 108, 137, 127, 46, 100, 175, 140, 69, 247, 96, 76, 43, 130, 21, 151, 77, 90, 84, 191, 201, 180, 254, 131, 10, 0, 146, 164, 53, 65, 45, 34, 67, 249, 80, 193, 51, 135, 128, 162, 205, 145, 64, 177, 73, 236, 150, 220, 119, 219, 227, 169, 72, 252, 122, 23, 18, 91, 228, 246, 89, 7, 121, 199, 196, 161, 111, 210, 231, 159, 182, 102, 94, 86, 152, 160, 105, 13, 232, 138, 192, 240, 211, 186, 178, 185, 157, 15, 173, 14, 110, 204, 234, 42, 59, 147, 244, 203, 221, 79, 226, 63, 70, 251, 176, 39, 92, 120, 200, 179, 241, 139, 27, 126, 99, 56, 22, 36, 253, 158, 187, 172, 16, 31, 41, 74, 20, 66, 250, 155, 6, 245, 143, 233, 134, 124, 113, 206, 239, 148, 184, 75, 28, 47, 48, 26, 114, 223, 136, 117, 149, 209, 115, 189, 49, 19, 68, 168, 103, 30, 229, 212, 25, 29, 202, 165, 141, 1, 40, 197, 24, 35, 170, 95, 198, 167, 38, 5, 112, 37, 44, 104, 218, 12, 213, 242, 190, 129, 224, 88, 238, 171, 237, 61, 52, 57, 81, 101, 174, 207, 60, 235, 215, 125, 97, 58, 181, 133, 144, 194, 123, 156, 62, 54, 50
