# Final optimized S-box - THREAD-SAFE VERSION with Early Stopping
# Generated on: 2025-09-15T00:27:23.795
# Format: 16 values per line (256 total)

sbox = UInt8[
     28, 107, 195, 243, 214,  98,  27,  78, 183,  18,   8, 208,  68, 132, 142, 209,
    129,   3,  59,  45, 114, 174, 244,  87,  26, 121, 163, 202, 154, 249,  11,  44,
    149,   6, 145,  71, 192, 232,  46, 158,  85,  82, 180,  15, 220, 167, 100, 161,
    140,  76, 247,  96,  70,  43, 206,  21, 151,  77,  90,  84,  83, 201,  22, 138,
    131, 130,   0, 146,  41, 217,  65, 109,  34,  38, 119, 148, 117, 125, 166,  80,
    178, 205, 255,  64, 186, 188, 187, 150, 177, 212, 219, 231, 229, 199, 252, 122,
    137,  37,  91, 189,  55,  89,   7, 123,  53,  94, 143, 111,  49, 225, 159, 182,
    102, 240,  86, 152, 160, 105,  13,  93,  10, 230, 224, 211, 110,  51, 185, 157,
    196, 128,  14, 155, 175, 108,  42,   4, 207, 246, 203, 210,  79, 226,  63,  69,
    179, 176,  39,  92, 120, 200, 106, 253, 193,  56,  54,  99, 133,  23,  36, 112,
    234, 239, 172,  16,  31, 223,  74,  20,  66, 250, 127, 241, 245, 118,   2, 134,
    124, 113, 181, 238, 191, 184,  75, 171,  47,  48,  73, 169, 216, 136, 248,  17,
    235, 147, 228,  95, 233, 222, 168, 103,  30, 139,  72,  25,  29,  19, 165, 141,
      1,  40, 197, 213,  35, 170,  97, 198, 116,  67,   5, 251, 153, 115, 104, 218,
     12, 221, 242, 190, 135,  32,  88, 236,  24, 237,  61,  52,  57,  81, 101, 156,
    254,  60, 227, 215, 173, 162,  58, 194,   9, 144,  33, 164, 204,  62, 126,  50
]

# Comma-separated format:
28, 107, 195, 243, 214, 98, 27, 78, 183, 18, 8, 208, 68, 132, 142, 209, 129, 3, 59, 45, 114, 174, 244, 87, 26, 121, 163, 202, 154, 249, 11, 44, 149, 6, 145, 71, 192, 232, 46, 158, 85, 82, 180, 15, 220, 167, 100, 161, 140, 76, 247, 96, 70, 43, 206, 21, 151, 77, 90, 84, 83, 201, 22, 138, 131, 130, 0, 146, 41, 217, 65, 109, 34, 38, 119, 148, 117, 125, 166, 80, 178, 205, 255, 64, 186, 188, 187, 150, 177, 212, 219, 231, 229, 199, 252, 122, 137, 37, 91, 189, 55, 89, 7, 123, 53, 94, 143, 111, 49, 225, 159, 182, 102, 240, 86, 152, 160, 105, 13, 93, 10, 230, 224, 211, 110, 51, 185, 157, 196, 128, 14, 155, 175, 108, 42, 4, 207, 246, 203, 210, 79, 226, 63, 69, 179, 176, 39, 92, 120, 200, 106, 253, 193, 56, 54, 99, 133, 23, 36, 112, 234, 239, 172, 16, 31, 223, 74, 20, 66, 250, 127, 241, 245, 118, 2, 134, 124, 113, 181, 238, 191, 184, 75, 171, 47, 48, 73, 169, 216, 136, 248, 17, 235, 147, 228, 95, 233, 222, 168, 103, 30, 139, 72, 25, 29, 19, 165, 141, 1, 40, 197, 213, 35, 170, 97, 198, 116, 67, 5, 251, 153, 115, 104, 218, 12, 221, 242, 190, 135, 32, 88, 236, 24, 237, 61, 52, 57, 81, 101, 156, 254, 60, 227, 215, 173, 162, 58, 194, 9, 144, 33, 164, 204, 62, 126, 50
