# Final optimized S-box - THREAD-SAFE VERSION with Early Stopping
# Generated on: 2025-09-20T20:44:48.567
# Format: 16 values per line (256 total)

sbox = UInt8[
    217, 146, 254, 204,  41, 229,  98, 197, 158,   3, 137, 235, 181,  56,  16,  61,
    175,  34, 142,  19, 162, 214,  21, 123,  25,  24, 203, 154, 179,  67,  63,   9,
    218,  29,  97, 133, 206,  33, 143, 118, 246, 109,  38,  46,  53,  23,  80, 239,
    178, 211, 165,  39,  45, 241, 200,  55, 138, 104,  94, 190, 231, 202, 124, 151,
    244,  64, 221, 171,  10,  50,  87, 199, 122, 210,  13, 196, 189, 186,  74,  79,
    250, 156, 228, 126, 225,  28, 174,  70, 245, 127,  59, 153, 223,  92, 216,  88,
    233,  83, 185, 152,  54, 176, 144, 135, 100,  89, 102,  68,  47, 166, 112,  99,
    167, 172,  32, 155,  30, 145, 201, 140,  84, 191, 215,  17,  14, 192, 212,  52,
    255, 125, 180, 164, 119,  31, 224,  85, 205,  11, 209,  90, 242, 108, 227, 134,
     12,   5, 130,  36, 219, 149, 136, 232, 252,  91,  73, 115, 208, 131,  81, 113,
    248, 121,  43, 163,  93, 251,   6, 194,  48, 193, 222, 114, 141, 161, 187, 247,
    101,  95,  62,  15, 213,  18, 238, 183,  66, 106, 195, 177,  60, 103, 129, 170,
    139, 249, 159, 207, 236,  49, 157,  86,  65, 110,  75, 107,  71, 150, 116, 182,
    147, 234,  76, 105, 117,   0, 169, 240, 128, 230,  58, 168,   4,  22,  27,  57,
    173,  69,  20, 132,   8,  78, 188, 220,  82,   1, 184,  42, 160, 198, 237,  96,
     40,  44, 226, 243,  72,   2,  35,  26, 120,   7,  37,  51, 111, 253,  77, 148
]

# Comma-separated format:
217, 146, 254, 204, 41, 229, 98, 197, 158, 3, 137, 235, 181, 56, 16, 61, 175, 34, 142, 19, 162, 214, 21, 123, 25, 24, 203, 154, 179, 67, 63, 9, 218, 29, 97, 133, 206, 33, 143, 118, 246, 109, 38, 46, 53, 23, 80, 239, 178, 211, 165, 39, 45, 241, 200, 55, 138, 104, 94, 190, 231, 202, 124, 151, 244, 64, 221, 171, 10, 50, 87, 199, 122, 210, 13, 196, 189, 186, 74, 79, 250, 156, 228, 126, 225, 28, 174, 70, 245, 127, 59, 153, 223, 92, 216, 88, 233, 83, 185, 152, 54, 176, 144, 135, 100, 89, 102, 68, 47, 166, 112, 99, 167, 172, 32, 155, 30, 145, 201, 140, 84, 191, 215, 17, 14, 192, 212, 52, 255, 125, 180, 164, 119, 31, 224, 85, 205, 11, 209, 90, 242, 108, 227, 134, 12, 5, 130, 36, 219, 149, 136, 232, 252, 91, 73, 115, 208, 131, 81, 113, 248, 121, 43, 163, 93, 251, 6, 194, 48, 193, 222, 114, 141, 161, 187, 247, 101, 95, 62, 15, 213, 18, 238, 183, 66, 106, 195, 177, 60, 103, 129, 170, 139, 249, 159, 207, 236, 49, 157, 86, 65, 110, 75, 107, 71, 150, 116, 182, 147, 234, 76, 105, 117, 0, 169, 240, 128, 230, 58, 168, 4, 22, 27, 57, 173, 69, 20, 132, 8, 78, 188, 220, 82, 1, 184, 42, 160, 198, 237, 96, 40, 44, 226, 243, 72, 2, 35, 26, 120, 7, 37, 51, 111, 253, 77, 148
