# Final optimized S-box - THREAD-SAFE VERSION with Early Stopping
# Generated on: 2025-09-11T07:52:16.220
# Format: 16 values per line (256 total)

sbox = UInt8[
    105, 130, 214, 123,  65, 235, 186,  91,  46, 254, 151,  44,  84,   2, 203, 255,
    127,  55, 174,   3, 232, 216,  53, 207, 230, 112, 222,  59, 231, 108,  40, 143,
     79,  34, 122, 120,  41, 196, 252, 183, 188,  45,  67, 170,  51, 239,  52, 118,
    192,  60, 224, 213, 167,  14, 104,  30, 124, 173,  47,  27,  54, 185, 247,   1,
     92, 113,  99, 184, 205, 243,  12,  31, 149, 179, 129,  73,  22, 223,  37, 211,
    236, 194, 107,  96, 226,  29,  36,  69, 177, 201, 145, 172,  85, 200,  28,  98,
    248,  68, 126, 237,   7, 115,  87,  90, 215,  88,   9,  13, 250,  25,  57, 114,
     39, 197,  71, 193, 220, 142,  74, 165, 117, 100, 251, 219,  89, 166, 132, 163,
    158, 133, 164,  38,  86, 195, 128,  61,  35,  70,  77, 208,  78,  21,  66, 228,
    138, 217,  58, 136, 109, 162, 169,  97,  32, 148,  16,  24, 135, 176, 202, 111,
    171,   8, 155, 144, 125, 233, 116,  11, 191, 182, 180,  83, 253, 102,  56,  64,
    131, 206, 159, 221,  20, 241, 229, 147, 178, 249, 209,  26,  81, 137, 150,   0,
     18, 225,  19,  15, 110, 119, 152, 101, 234, 198, 139,  63, 246,  23,  17, 212,
    218, 161, 190, 121, 140, 242, 146, 156,  10,  94,  50,  43, 227, 240, 204, 245,
     80,   6, 168,  48, 134,   5,  75, 210, 187,  82, 160, 244,  49,  95, 153,   4,
     76,  72, 238, 154, 103, 181, 199,  93, 175,  62, 106,  33,  42, 141, 157, 189
]

# Comma-separated format:
105, 130, 214, 123, 65, 235, 186, 91, 46, 254, 151, 44, 84, 2, 203, 255, 127, 55, 174, 3, 232, 216, 53, 207, 230, 112, 222, 59, 231, 108, 40, 143, 79, 34, 122, 120, 41, 196, 252, 183, 188, 45, 67, 170, 51, 239, 52, 118, 192, 60, 224, 213, 167, 14, 104, 30, 124, 173, 47, 27, 54, 185, 247, 1, 92, 113, 99, 184, 205, 243, 12, 31, 149, 179, 129, 73, 22, 223, 37, 211, 236, 194, 107, 96, 226, 29, 36, 69, 177, 201, 145, 172, 85, 200, 28, 98, 248, 68, 126, 237, 7, 115, 87, 90, 215, 88, 9, 13, 250, 25, 57, 114, 39, 197, 71, 193, 220, 142, 74, 165, 117, 100, 251, 219, 89, 166, 132, 163, 158, 133, 164, 38, 86, 195, 128, 61, 35, 70, 77, 208, 78, 21, 66, 228, 138, 217, 58, 136, 109, 162, 169, 97, 32, 148, 16, 24, 135, 176, 202, 111, 171, 8, 155, 144, 125, 233, 116, 11, 191, 182, 180, 83, 253, 102, 56, 64, 131, 206, 159, 221, 20, 241, 229, 147, 178, 249, 209, 26, 81, 137, 150, 0, 18, 225, 19, 15, 110, 119, 152, 101, 234, 198, 139, 63, 246, 23, 17, 212, 218, 161, 190, 121, 140, 242, 146, 156, 10, 94, 50, 43, 227, 240, 204, 245, 80, 6, 168, 48, 134, 5, 75, 210, 187, 82, 160, 244, 49, 95, 153, 4, 76, 72, 238, 154, 103, 181, 199, 93, 175, 62, 106, 33, 42, 141, 157, 189
