# Final optimized S-box - THREAD-SAFE VERSION with Early Stopping
# Generated on: 2025-09-16T10:55:47.865
# Format: 16 values per line (256 total)

sbox = UInt8[
    142, 107, 195, 243, 124,  98,  27,  78, 183, 211,   8, 208, 222, 132, 204, 225,
    166,   3,   4,  87, 114, 190, 218, 153,  83, 254,  68, 164, 154,  40,  11,  44,
    235,  49, 145,  71, 192,  93,  22, 240,  85,  82, 209, 137, 220, 167, 100, 188,
    140,  29, 247,  96,  76,  43, 161,  21, 151,  77,  90,  66, 207, 198,  15, 148,
     25,  10,   0, 146,  41, 178,  65, 253,  34,  38, 119, 144,  24, 248, 135,  80,
    163, 205, 255,  64, 186,  73, 184, 150, 177, 212, 219, 232, 185, 199, 252,  61,
    101,  37,  91, 189,  55,  89,   7, 121,  33,  94, 143, 111,  67, 149, 250, 182,
    102, 108,  86,  60, 160, 105,  13, 241, 138, 116, 224, 242, 110, 210,  95, 157,
     45, 127, 187,  54, 175, 234,  42,  59, 180, 246, 203,   6,  79, 226,  63, 174,
    179, 176,  70,  92, 104, 200, 202, 231, 193, 206, 126,  99, 141,  56,  36, 112,
    158, 213, 172,  16,  31, 223,  74,  20,  84, 159, 155, 221, 245, 118,   2, 134,
    136, 113, 130, 238, 191,  17,  75,  28,  47,  48,  26, 169, 216, 194, 117, 128,
    147, 125, 228, 249, 214,  53, 168, 103,  30, 131,  58, 139,  69,  51, 165, 230,
      1, 109, 197, 239,  35, 170, 233,  14,  46, 162,   5, 251, 196, 115,  88,  39,
     12, 229,  18,  19, 129, 152, 120, 236, 171, 237, 122,  52,  57,  81,  23,   9,
    217,  32, 227, 215, 173,  97,  72, 181, 133, 244, 201, 123, 156,  62, 106,  50
]

# Comma-separated format:
142, 107, 195, 243, 124, 98, 27, 78, 183, 211, 8, 208, 222, 132, 204, 225, 166, 3, 4, 87, 114, 190, 218, 153, 83, 254, 68, 164, 154, 40, 11, 44, 235, 49, 145, 71, 192, 93, 22, 240, 85, 82, 209, 137, 220, 167, 100, 188, 140, 29, 247, 96, 76, 43, 161, 21, 151, 77, 90, 66, 207, 198, 15, 148, 25, 10, 0, 146, 41, 178, 65, 253, 34, 38, 119, 144, 24, 248, 135, 80, 163, 205, 255, 64, 186, 73, 184, 150, 177, 212, 219, 232, 185, 199, 252, 61, 101, 37, 91, 189, 55, 89, 7, 121, 33, 94, 143, 111, 67, 149, 250, 182, 102, 108, 86, 60, 160, 105, 13, 241, 138, 116, 224, 242, 110, 210, 95, 157, 45, 127, 187, 54, 175, 234, 42, 59, 180, 246, 203, 6, 79, 226, 63, 174, 179, 176, 70, 92, 104, 200, 202, 231, 193, 206, 126, 99, 141, 56, 36, 112, 158, 213, 172, 16, 31, 223, 74, 20, 84, 159, 155, 221, 245, 118, 2, 134, 136, 113, 130, 238, 191, 17, 75, 28, 47, 48, 26, 169, 216, 194, 117, 128, 147, 125, 228, 249, 214, 53, 168, 103, 30, 131, 58, 139, 69, 51, 165, 230, 1, 109, 197, 239, 35, 170, 233, 14, 46, 162, 5, 251, 196, 115, 88, 39, 12, 229, 18, 19, 129, 152, 120, 236, 171, 237, 122, 52, 57, 81, 23, 9, 217, 32, 227, 215, 173, 97, 72, 181, 133, 244, 201, 123, 156, 62, 106, 50
