# Final optimized S-box - THREAD-SAFE VERSION with Early Stopping
# Generated on: 2025-09-15T22:27:13.117
# Format: 16 values per line (256 total)

sbox = UInt8[
    142, 107, 195, 243, 214,  98,  27,  78,  84, 151,   0, 208, 222, 132, 248, 165,
     17,   9, 210,  45, 160, 170, 244,  87,  88, 217, 163,  19, 202, 249,  35,  44,
    149,  49, 145,  71, 192,  93, 116, 162,  34,  82, 180, 137, 186, 191, 239, 100,
    140,  26, 247,  96,  76,  43, 161,  21, 187,  77,  90, 109, 167, 201,  15, 164,
    131,  10,   8, 146, 207,  53,  65,  55, 184,  67, 119, 148,  24, 105,  64,  62,
    178, 205, 255, 134, 177,  89, 216, 150, 220, 212, 219, 231,  95, 144, 252, 122,
     23, 154,  91, 189, 181,  73,   7, 121,  33,  94, 143, 111,   4, 235,   3, 182,
    102, 168,  86, 183,  47, 104,  13, 225, 138, 230, 224, 211, 110,   2, 185,  61,
    196, 127,  14, 130, 175, 234,  42,  59, 209, 246, 203,   6,  79, 226,  63,  70,
    179, 176,  39,  92, 120, 200, 106, 253, 193, 206, 126,  99,  56,  22, 251, 112,
    158, 153, 172,  16,  31, 223,  74,  20,  66, 250, 155, 221, 245,  36, 117,   5,
     58, 113, 240,  83,  41, 157,  75,  28,  57,  48, 166, 114, 169, 136, 159, 238,
    147, 188, 228, 241, 233, 213, 108, 103,  30, 139,  72,  25,  29,  18, 232, 141,
      1,  40, 197, 198,  11, 215, 128, 254,  46,  38, 135, 118,  37, 115, 156, 218,
     12, 229, 242, 190, 129,  32,  81, 236, 124, 237,  85, 171, 125,  69, 101,  51,
     68,  60, 227,  80, 173,  97,  52, 152, 133, 199, 194, 123, 204, 174,  54,  50
]

# Comma-separated format:
142, 107, 195, 243, 214, 98, 27, 78, 84, 151, 0, 208, 222, 132, 248, 165, 17, 9, 210, 45, 160, 170, 244, 87, 88, 217, 163, 19, 202, 249, 35, 44, 149, 49, 145, 71, 192, 93, 116, 162, 34, 82, 180, 137, 186, 191, 239, 100, 140, 26, 247, 96, 76, 43, 161, 21, 187, 77, 90, 109, 167, 201, 15, 164, 131, 10, 8, 146, 207, 53, 65, 55, 184, 67, 119, 148, 24, 105, 64, 62, 178, 205, 255, 134, 177, 89, 216, 150, 220, 212, 219, 231, 95, 144, 252, 122, 23, 154, 91, 189, 181, 73, 7, 121, 33, 94, 143, 111, 4, 235, 3, 182, 102, 168, 86, 183, 47, 104, 13, 225, 138, 230, 224, 211, 110, 2, 185, 61, 196, 127, 14, 130, 175, 234, 42, 59, 209, 246, 203, 6, 79, 226, 63, 70, 179, 176, 39, 92, 120, 200, 106, 253, 193, 206, 126, 99, 56, 22, 251, 112, 158, 153, 172, 16, 31, 223, 74, 20, 66, 250, 155, 221, 245, 36, 117, 5, 58, 113, 240, 83, 41, 157, 75, 28, 57, 48, 166, 114, 169, 136, 159, 238, 147, 188, 228, 241, 233, 213, 108, 103, 30, 139, 72, 25, 29, 18, 232, 141, 1, 40, 197, 198, 11, 215, 128, 254, 46, 38, 135, 118, 37, 115, 156, 218, 12, 229, 242, 190, 129, 32, 81, 236, 124, 237, 85, 171, 125, 69, 101, 51, 68, 60, 227, 80, 173, 97, 52, 152, 133, 199, 194, 123, 204, 174, 54, 50
