# Final optimized S-box - THREAD-SAFE VERSION with Early Stopping
# Generated on: 2025-09-12T12:16:28.144
# Format: 16 values per line (256 total)

sbox = UInt8[
    128, 218, 244, 204,   3, 229,  64, 197, 169,  41,  58,  19, 181,  56,  16, 141,
    224, 179, 142, 133, 162,  74, 237, 123,  25, 235, 203, 154,  48,  67, 230,   9,
     24,  29, 135,  37, 211,  33, 138, 118,  77, 109,  68,  46,  53,  23,  80, 239,
    178, 214, 233,  39,  45,  83,  59,  55, 143, 104,  94, 190, 111, 202, 124, 151,
    122,  66,  63, 171, 160,  50,  78, 199, 184, 254,  13, 196, 189, 186, 206, 209,
     75, 156, 228, 250,  38, 200, 174, 220,  65, 127,  49, 153, 246,  92, 216, 165,
    221, 217,  97,  28,  54,  61, 144, 185, 100,  89, 102,  26,  47, 166, 112,  99,
    167, 130,  32, 155,  30, 145,  76, 140, 213, 191, 215,  17,  14,  98, 212, 180,
    223, 125, 182, 164, 119, 117, 105,  70, 205,  11, 219,  90, 242, 108, 227, 134,
     12,   5, 146,  36, 255, 149, 136,  57, 252,  91, 116, 115, 208,  18,  81, 241,
    248, 121,  43,  10,  84, 251,   6, 194,  34, 193, 222, 114, 176, 161, 187, 247,
    101,  95,  62,  15, 157, 131, 238, 183, 232, 106, 195, 231,  60, 103, 129, 170,
    139, 249, 159, 207, 236, 152,  93,  86,  96,   2,  87, 107,  71, 150,  31,  52,
    147, 234, 192,  73, 225,   0, 158, 240, 137, 245,  88, 168, 210,  22,  27,   4,
    173,  69,  20, 132,   8, 126, 188,  85,  82,   1, 198,  42, 163, 110, 201, 177,
     40,  44, 226, 243,  72,  21,  35, 175, 120,   7, 113,  51, 172, 253,  79, 148
]

# Comma-separated format:
128, 218, 244, 204, 3, 229, 64, 197, 169, 41, 58, 19, 181, 56, 16, 141, 224, 179, 142, 133, 162, 74, 237, 123, 25, 235, 203, 154, 48, 67, 230, 9, 24, 29, 135, 37, 211, 33, 138, 118, 77, 109, 68, 46, 53, 23, 80, 239, 178, 214, 233, 39, 45, 83, 59, 55, 143, 104, 94, 190, 111, 202, 124, 151, 122, 66, 63, 171, 160, 50, 78, 199, 184, 254, 13, 196, 189, 186, 206, 209, 75, 156, 228, 250, 38, 200, 174, 220, 65, 127, 49, 153, 246, 92, 216, 165, 221, 217, 97, 28, 54, 61, 144, 185, 100, 89, 102, 26, 47, 166, 112, 99, 167, 130, 32, 155, 30, 145, 76, 140, 213, 191, 215, 17, 14, 98, 212, 180, 223, 125, 182, 164, 119, 117, 105, 70, 205, 11, 219, 90, 242, 108, 227, 134, 12, 5, 146, 36, 255, 149, 136, 57, 252, 91, 116, 115, 208, 18, 81, 241, 248, 121, 43, 10, 84, 251, 6, 194, 34, 193, 222, 114, 176, 161, 187, 247, 101, 95, 62, 15, 157, 131, 238, 183, 232, 106, 195, 231, 60, 103, 129, 170, 139, 249, 159, 207, 236, 152, 93, 86, 96, 2, 87, 107, 71, 150, 31, 52, 147, 234, 192, 73, 225, 0, 158, 240, 137, 245, 88, 168, 210, 22, 27, 4, 173, 69, 20, 132, 8, 126, 188, 85, 82, 1, 198, 42, 163, 110, 201, 177, 40, 44, 226, 243, 72, 21, 35, 175, 120, 7, 113, 51, 172, 253, 79, 148
