# Final optimized S-box - THREAD-SAFE VERSION with Early Stopping
# Generated on: 2025-09-22T08:21:15.815
# Format: 16 values per line (256 total)

sbox = UInt8[
    217, 218,   2, 204,   3, 229,  98, 197,  18,  41, 137, 235, 181, 223,  16,  61,
    224, 113, 142,  19, 162,  97, 117, 123,  25,  24, 219, 154,  48,  67,  87,   9,
    130,  29, 135, 148,  86,  33,  69, 118, 246, 109,  62,  46,  53,  83,  80, 239,
    178, 211, 165,  39,  45, 241, 200,  55, 143, 104,  94, 190, 111, 202, 124, 151,
    122,  64,  63, 171,  10,  50, 101,  13, 179, 153, 205, 196, 189, 186, 206,  79,
     75, 233, 228, 250,  38,  28, 174,  70,  65, 157,  59, 254, 209,  92, 216,  88,
     96, 187,  74, 152,  54, 176, 144, 185, 100,  89, 102,  26,  47, 166,  49,  99,
    183, 112,  32, 155,  30, 145, 201, 140, 213, 191, 215,  17,  14, 192, 212,  52,
    255, 125, 180, 164, 119,  68, 105,  85, 207,  11, 138, 169, 242, 108, 199,   8,
     12,   5, 146,  36, 227,  35, 136, 232, 252,  91, 116, 115, 208,  90,  81,  37,
    248, 121, 133, 163,  84, 167,   6, 194,  34, 193, 127, 114, 141, 161,  23, 247,
    230,  95,  57,  15, 222, 131, 238, 251,  66, 106, 195, 177,  60, 103, 129, 170,
    139, 249, 159,  56, 236, 172,  93, 150, 245, 110, 126, 107,  71, 214,  31, 182,
    147, 156,  76,  73, 225,   0, 158, 240, 128, 221,  58, 168, 210,  22,  27,   4,
    173,   1,  20, 132, 134,  78, 188, 220,  82, 203, 198,  42, 160, 244,  77, 234,
     40,  44, 226, 243,  72,  21, 184, 175, 120,   7, 231,  51, 149, 253, 237,  43
]

# Comma-separated format:
217, 218, 2, 204, 3, 229, 98, 197, 18, 41, 137, 235, 181, 223, 16, 61, 224, 113, 142, 19, 162, 97, 117, 123, 25, 24, 219, 154, 48, 67, 87, 9, 130, 29, 135, 148, 86, 33, 69, 118, 246, 109, 62, 46, 53, 83, 80, 239, 178, 211, 165, 39, 45, 241, 200, 55, 143, 104, 94, 190, 111, 202, 124, 151, 122, 64, 63, 171, 10, 50, 101, 13, 179, 153, 205, 196, 189, 186, 206, 79, 75, 233, 228, 250, 38, 28, 174, 70, 65, 157, 59, 254, 209, 92, 216, 88, 96, 187, 74, 152, 54, 176, 144, 185, 100, 89, 102, 26, 47, 166, 49, 99, 183, 112, 32, 155, 30, 145, 201, 140, 213, 191, 215, 17, 14, 192, 212, 52, 255, 125, 180, 164, 119, 68, 105, 85, 207, 11, 138, 169, 242, 108, 199, 8, 12, 5, 146, 36, 227, 35, 136, 232, 252, 91, 116, 115, 208, 90, 81, 37, 248, 121, 133, 163, 84, 167, 6, 194, 34, 193, 127, 114, 141, 161, 23, 247, 230, 95, 57, 15, 222, 131, 238, 251, 66, 106, 195, 177, 60, 103, 129, 170, 139, 249, 159, 56, 236, 172, 93, 150, 245, 110, 126, 107, 71, 214, 31, 182, 147, 156, 76, 73, 225, 0, 158, 240, 128, 221, 58, 168, 210, 22, 27, 4, 173, 1, 20, 132, 134, 78, 188, 220, 82, 203, 198, 42, 160, 244, 77, 234, 40, 44, 226, 243, 72, 21, 184, 175, 120, 7, 231, 51, 149, 253, 237, 43
