# Final optimized S-box - THREAD-SAFE VERSION with Early Stopping
# Generated on: 2025-09-11T04:25:00.435
# Format: 16 values per line (256 total)

sbox = UInt8[
     23, 130, 214,   1,  26, 235,  21,  91,  46, 248, 210,  44, 236, 211, 203, 255,
    127,  55, 174,   0, 232, 216,  45, 207, 230, 117, 222,  59, 231, 221, 252,  40,
     79,  34, 122, 120, 190, 196, 143, 183, 188, 171,  71, 170, 229, 239,  52,  78,
    192,  53, 224, 213, 167,  14,  29,  30, 124, 173,  60,  27,  54, 185, 219, 186,
     92, 113,  99, 151, 205, 243,  12,  31, 149,  51, 129,  73,  22, 223, 212, 159,
    108,  16, 107,  96, 226,  32,   3,  69, 177, 184, 145,   7,  85, 200,  28,  98,
     36,  68, 126, 237,  43, 115,  87,  90,  95,  88,   9, 128,  41, 172,  50,  82,
     39, 197,  67,  57, 220, 142,  74, 253, 112, 100, 251,   2,  89, 166, 132, 141,
    114, 133, 194, 206,  86, 195, 168,  61,  35,  70,  77, 208, 103,  17,  18, 228,
    138, 217,  58, 136, 109,  10, 169,  97, 163, 148, 105,  24, 135, 176, 202, 241,
     47,   8, 155, 144, 125,  84, 116,  11, 191, 182, 180,  83, 254, 102,  56,  64,
    131, 164, 178, 246,  20, 233, 179,  94, 247, 249, 209, 234,  81, 137, 201,  25,
    162, 225,  19,  15, 110, 119, 152, 101, 158, 198, 139,  63, 111, 150, 123, 118,
    218,  38, 250, 121, 140, 242, 146, 156,  66, 104, 147,  13, 227, 240, 204, 245,
     80,   6, 165,  48, 134,   5,  75, 161, 187,  65, 160, 244,  49,  93, 157,   4,
     76,  72, 238, 154,  37, 181, 199, 215, 175,  62, 106,  33,  42, 153, 193, 189
]

# Comma-separated format:
23, 130, 214, 1, 26, 235, 21, 91, 46, 248, 210, 44, 236, 211, 203, 255, 127, 55, 174, 0, 232, 216, 45, 207, 230, 117, 222, 59, 231, 221, 252, 40, 79, 34, 122, 120, 190, 196, 143, 183, 188, 171, 71, 170, 229, 239, 52, 78, 192, 53, 224, 213, 167, 14, 29, 30, 124, 173, 60, 27, 54, 185, 219, 186, 92, 113, 99, 151, 205, 243, 12, 31, 149, 51, 129, 73, 22, 223, 212, 159, 108, 16, 107, 96, 226, 32, 3, 69, 177, 184, 145, 7, 85, 200, 28, 98, 36, 68, 126, 237, 43, 115, 87, 90, 95, 88, 9, 128, 41, 172, 50, 82, 39, 197, 67, 57, 220, 142, 74, 253, 112, 100, 251, 2, 89, 166, 132, 141, 114, 133, 194, 206, 86, 195, 168, 61, 35, 70, 77, 208, 103, 17, 18, 228, 138, 217, 58, 136, 109, 10, 169, 97, 163, 148, 105, 24, 135, 176, 202, 241, 47, 8, 155, 144, 125, 84, 116, 11, 191, 182, 180, 83, 254, 102, 56, 64, 131, 164, 178, 246, 20, 233, 179, 94, 247, 249, 209, 234, 81, 137, 201, 25, 162, 225, 19, 15, 110, 119, 152, 101, 158, 198, 139, 63, 111, 150, 123, 118, 218, 38, 250, 121, 140, 242, 146, 156, 66, 104, 147, 13, 227, 240, 204, 245, 80, 6, 165, 48, 134, 5, 75, 161, 187, 65, 160, 244, 49, 93, 157, 4, 76, 72, 238, 154, 37, 181, 199, 215, 175, 62, 106, 33, 42, 153, 193, 189
