# Final optimized S-box - THREAD-SAFE VERSION with Early Stopping
# Generated on: 2025-09-12T08:26:36.927
# Format: 16 values per line (256 total)

sbox = UInt8[
    217, 218,   2, 204,   3, 229,  98, 197, 161,  41, 137, 235, 181,  56, 222,  61,
    224, 179, 142,  19,  42,  74,  57, 123,  25,  11, 203, 154,  48,  67, 230,  85,
    130,  29, 135, 133, 214,  33, 138, 118, 246, 249, 117,  46,  53,  23,  80, 239,
    178, 211, 169,  39,  45, 241, 219,  16, 165, 149,  94, 190, 111,  83, 124, 151,
    126,  64, 100, 171,  10,  50,  87, 199, 176, 254,  77, 196, 189, 186, 162,  79,
     75, 156, 228, 250,  38,  28, 221,  70,  65,  27, 168, 153, 209,  92, 216,  88,
     96,  90, 174, 152,  54, 227, 144, 185, 127,  89, 102,  26,  47, 166, 112,  99,
    167, 172, 121, 155,  30, 145, 201, 140, 213, 191, 215,  17,  14, 192, 212,  52,
    255, 125, 101, 164, 119,  68, 105,  13, 205, 131, 200, 202, 242, 108, 194, 134,
     12,   5, 146,  36,  97,  73,  63, 232, 252,  91, 122, 115, 208, 159, 220, 113,
    248,  32,  43, 183,   9, 251,   6, 223,  34, 193,  55, 114, 141, 143, 187,  37,
    104,  95,  62,  15, 184,  24, 238,  59,  66, 106, 195, 177,  60, 103, 129, 170,
    139, 109,  18, 207, 236,  49,  93,  86, 245, 110, 116, 107,  71, 150,  31, 182,
    147, 234,  76, 136, 225,   0, 158, 240, 128, 157,  58, 163, 210,  22, 180,   4,
    173,  69,  20, 132,   8,  78, 188,  84,  82,   1, 198, 206, 160, 244, 237, 233,
     40,  44, 226, 243,  72,  21,  35, 175, 120,   7, 231,  51, 247, 253,  81, 148
]

# Comma-separated format:
217, 218, 2, 204, 3, 229, 98, 197, 161, 41, 137, 235, 181, 56, 222, 61, 224, 179, 142, 19, 42, 74, 57, 123, 25, 11, 203, 154, 48, 67, 230, 85, 130, 29, 135, 133, 214, 33, 138, 118, 246, 249, 117, 46, 53, 23, 80, 239, 178, 211, 169, 39, 45, 241, 219, 16, 165, 149, 94, 190, 111, 83, 124, 151, 126, 64, 100, 171, 10, 50, 87, 199, 176, 254, 77, 196, 189, 186, 162, 79, 75, 156, 228, 250, 38, 28, 221, 70, 65, 27, 168, 153, 209, 92, 216, 88, 96, 90, 174, 152, 54, 227, 144, 185, 127, 89, 102, 26, 47, 166, 112, 99, 167, 172, 121, 155, 30, 145, 201, 140, 213, 191, 215, 17, 14, 192, 212, 52, 255, 125, 101, 164, 119, 68, 105, 13, 205, 131, 200, 202, 242, 108, 194, 134, 12, 5, 146, 36, 97, 73, 63, 232, 252, 91, 122, 115, 208, 159, 220, 113, 248, 32, 43, 183, 9, 251, 6, 223, 34, 193, 55, 114, 141, 143, 187, 37, 104, 95, 62, 15, 184, 24, 238, 59, 66, 106, 195, 177, 60, 103, 129, 170, 139, 109, 18, 207, 236, 49, 93, 86, 245, 110, 116, 107, 71, 150, 31, 182, 147, 234, 76, 136, 225, 0, 158, 240, 128, 157, 58, 163, 210, 22, 180, 4, 173, 69, 20, 132, 8, 78, 188, 84, 82, 1, 198, 206, 160, 244, 237, 233, 40, 44, 226, 243, 72, 21, 35, 175, 120, 7, 231, 51, 247, 253, 81, 148
