# Final optimized S-box - THREAD-SAFE VERSION with Early Stopping
# Generated on: 2025-09-22T13:39:45.100
# Format: 16 values per line (256 total)

sbox = UInt8[
    217, 218, 146, 204,   3, 229,  98, 197,  68,  44, 137,  47, 247, 225, 163,  61,
    224, 179, 142,  19, 162,  74, 136,  77,  25,   2, 203, 154,  48,  67, 230,   9,
    130,  29, 135, 133, 214,  33, 138, 118, 246, 109,  60,  46, 181,  23,  80, 239,
    178, 211, 233,  62,  45, 241, 200,  55, 143, 251,  94, 190,  96, 202, 124, 151,
    122,  64,  63, 127,  10,  50,  87,   5, 174, 254,  16, 196, 189, 186, 206,  79,
    126, 156, 228, 250,  38,  28, 113,  70,  65, 104,  59, 153, 209,  92, 216,  88,
    235,  83,  97, 152,  54, 176, 144, 185, 100,  89, 102,  26,  84, 166, 159,  99,
    165, 172, 177, 155,  30, 145, 201, 140, 213, 191, 215,  17,  14, 192, 212,  52,
    255,  32, 180, 164,  39, 169, 105,  85, 205,  11, 219,  90, 242, 108, 199, 134,
     12, 227,  18,  36, 223, 123,  22, 232, 252,  91, 147, 115, 208,  20,  81, 184,
    248,  95,  43, 111,  13, 171,   6, 194,  34, 193, 222, 114, 141, 221, 187, 121,
    101, 116, 119,  15, 157, 131, 238,  78,  66, 106, 195,  56, 103, 117, 129, 170,
    139, 249, 112, 207, 236,  49,  93,  86, 245, 110,  75, 107,  71, 150,  31, 182,
     53, 234,  76,  73, 125,   0, 158, 240, 161, 128,  58, 168, 210,  57,  27,   4,
    173,  69,  24, 132,   8, 183, 188, 220,  82,   1, 198,  42, 160, 244, 237, 167,
     40,  41, 226, 243,  72,  21,  35, 175, 120,   7, 231,  51,  37, 253, 149, 148
]

# Comma-separated format:
217, 218, 146, 204, 3, 229, 98, 197, 68, 44, 137, 47, 247, 225, 163, 61, 224, 179, 142, 19, 162, 74, 136, 77, 25, 2, 203, 154, 48, 67, 230, 9, 130, 29, 135, 133, 214, 33, 138, 118, 246, 109, 60, 46, 181, 23, 80, 239, 178, 211, 233, 62, 45, 241, 200, 55, 143, 251, 94, 190, 96, 202, 124, 151, 122, 64, 63, 127, 10, 50, 87, 5, 174, 254, 16, 196, 189, 186, 206, 79, 126, 156, 228, 250, 38, 28, 113, 70, 65, 104, 59, 153, 209, 92, 216, 88, 235, 83, 97, 152, 54, 176, 144, 185, 100, 89, 102, 26, 84, 166, 159, 99, 165, 172, 177, 155, 30, 145, 201, 140, 213, 191, 215, 17, 14, 192, 212, 52, 255, 32, 180, 164, 39, 169, 105, 85, 205, 11, 219, 90, 242, 108, 199, 134, 12, 227, 18, 36, 223, 123, 22, 232, 252, 91, 147, 115, 208, 20, 81, 184, 248, 95, 43, 111, 13, 171, 6, 194, 34, 193, 222, 114, 141, 221, 187, 121, 101, 116, 119, 15, 157, 131, 238, 78, 66, 106, 195, 56, 103, 117, 129, 170, 139, 249, 112, 207, 236, 49, 93, 86, 245, 110, 75, 107, 71, 150, 31, 182, 53, 234, 76, 73, 125, 0, 158, 240, 161, 128, 58, 168, 210, 57, 27, 4, 173, 69, 24, 132, 8, 183, 188, 220, 82, 1, 198, 42, 160, 244, 237, 167, 40, 41, 226, 243, 72, 21, 35, 175, 120, 7, 231, 51, 37, 253, 149, 148
