# Final optimized S-box - THREAD-SAFE VERSION with Early Stopping
# Generated on: 2025-09-20T01:28:04.645
# Format: 16 values per line (256 total)

sbox = UInt8[
    142, 120, 195, 144, 214,  98, 157, 222, 183, 110,   8, 208, 188, 167, 248, 225,
    166,   3,   4,   6, 244, 174, 216,  87,  83, 217, 163,  19, 127, 249,  11,  44,
     88,  49, 184,  71, 200, 152, 116, 106,  85,  82, 180, 137, 186, 164, 100, 156,
    158,  56, 247,  96,  76,  43, 161,  21, 124,  77,  72,  84, 191, 143, 206, 132,
    131,  10,   0, 146, 207,  53, 112, 109, 241,  67, 119, 148,  24, 125, 135,  80,
    178,  15,  93,  90, 177,  64, 187, 199, 223, 212, 219, 224,  95,  37, 204, 122,
     23,  18,  91, 189,  55,  89,   7, 121,  33,  94, 176, 111, 210, 235, 159, 182,
    102, 108,  66, 255, 160, 105,  13, 232, 138, 230,  74, 211, 201,  34, 185,   2,
    196,   5,  14, 162, 175, 234,  42,  59, 126, 246, 203,  61,  79, 227,  63,  70,
    179, 145,  39,  92, 228, 192, 134, 253, 193, 205, 209,  99, 190,  22,  36,   1,
    123, 239, 172,  16,  31, 104, 231,  27,  86, 250, 155, 221, 245, 252,  17, 240,
    151,  51, 150, 238,  41, 154,  75,  28,  47,  48,  26, 114, 169, 136, 117,  20,
    147,  78, 107, 113, 233, 202, 168, 103,  30, 139,  65,  25,  29, 254, 165, 237,
     73,  40, 197, 213,  35, 170, 149, 198,  46,  38, 130, 251, 153, 115, 220, 218,
     12, 229, 242,  69, 129,  32, 128, 236, 171, 118,  45,  52,  57,  81, 101,   9,
     68,  60, 194, 215, 173,  97,  58, 181, 133, 243, 226, 140, 141,  62,  54,  50
]

# Comma-separated format:
142, 120, 195, 144, 214, 98, 157, 222, 183, 110, 8, 208, 188, 167, 248, 225, 166, 3, 4, 6, 244, 174, 216, 87, 83, 217, 163, 19, 127, 249, 11, 44, 88, 49, 184, 71, 200, 152, 116, 106, 85, 82, 180, 137, 186, 164, 100, 156, 158, 56, 247, 96, 76, 43, 161, 21, 124, 77, 72, 84, 191, 143, 206, 132, 131, 10, 0, 146, 207, 53, 112, 109, 241, 67, 119, 148, 24, 125, 135, 80, 178, 15, 93, 90, 177, 64, 187, 199, 223, 212, 219, 224, 95, 37, 204, 122, 23, 18, 91, 189, 55, 89, 7, 121, 33, 94, 176, 111, 210, 235, 159, 182, 102, 108, 66, 255, 160, 105, 13, 232, 138, 230, 74, 211, 201, 34, 185, 2, 196, 5, 14, 162, 175, 234, 42, 59, 126, 246, 203, 61, 79, 227, 63, 70, 179, 145, 39, 92, 228, 192, 134, 253, 193, 205, 209, 99, 190, 22, 36, 1, 123, 239, 172, 16, 31, 104, 231, 27, 86, 250, 155, 221, 245, 252, 17, 240, 151, 51, 150, 238, 41, 154, 75, 28, 47, 48, 26, 114, 169, 136, 117, 20, 147, 78, 107, 113, 233, 202, 168, 103, 30, 139, 65, 25, 29, 254, 165, 237, 73, 40, 197, 213, 35, 170, 149, 198, 46, 38, 130, 251, 153, 115, 220, 218, 12, 229, 242, 69, 129, 32, 128, 236, 171, 118, 45, 52, 57, 81, 101, 9, 68, 60, 194, 215, 173, 97, 58, 181, 133, 243, 226, 140, 141, 62, 54, 50
