# Final optimized S-box - THREAD-SAFE VERSION with Early Stopping
# Generated on: 2025-09-11T00:26:58.425
# Format: 16 values per line (256 total)

sbox = UInt8[
    105, 130, 214,   1,  26, 235, 186,  91,  46, 248, 151,  44,  84, 240, 203, 255,
    127,  36, 174,   0, 232, 152,  53, 207, 222, 112, 150,  59, 231, 221, 252,  80,
     79,  34, 122, 120,  41, 155, 143, 183, 188, 171,  71, 138,  51, 239,  52, 118,
    192,  60, 224, 213, 167,  47,  29,  30, 124, 173,  45,  27,  22, 185, 103, 190,
     92, 113,  69, 215, 205, 247,  12,  31, 149, 179, 129,  73,  55, 223,  85,   2,
    108,  16, 107,  96, 226,  32,   3,  99, 177, 172, 145,   7,  15, 200,  28,  98,
    128,  68, 126,  17,  25, 115,  87,  90, 211, 102,   9,  13, 250, 189,  94,  88,
     39, 197,  67,  57, 220, 142, 139, 168, 117, 100, 251, 219,  89, 166, 132, 163,
    114, 133, 164,  38,  86, 195, 254,  61,  35,  70,  77, 208,  74, 201,  18, 228,
    198, 217,  83, 136, 109, 162, 169,  97, 141, 148, 210,  24, 135, 176, 202, 111,
    230,   8, 212, 144, 125, 236, 116,  11, 191, 182, 180, 181, 253,  82,  56,  64,
    131, 206, 159, 241,  20, 233, 229, 147, 178, 249, 209, 234,  81, 137, 216,   6,
     10, 225,  19,   5, 110, 119,  14, 101, 158, 170,  78,  63, 246,  23, 123,  21,
    218, 161,  48, 121, 140, 242, 146, 156,  66, 104,  50,  43, 227, 184, 204, 245,
    196,  54, 165, 243, 134,  40,  75, 194, 187,  65, 160, 244,  49,  95, 157,   4,
     76,  72, 238, 154,  37,  58, 199,  93, 175,  62, 106,  33,  42, 153, 193, 237
]

# Comma-separated format:
105, 130, 214, 1, 26, 235, 186, 91, 46, 248, 151, 44, 84, 240, 203, 255, 127, 36, 174, 0, 232, 152, 53, 207, 222, 112, 150, 59, 231, 221, 252, 80, 79, 34, 122, 120, 41, 155, 143, 183, 188, 171, 71, 138, 51, 239, 52, 118, 192, 60, 224, 213, 167, 47, 29, 30, 124, 173, 45, 27, 22, 185, 103, 190, 92, 113, 69, 215, 205, 247, 12, 31, 149, 179, 129, 73, 55, 223, 85, 2, 108, 16, 107, 96, 226, 32, 3, 99, 177, 172, 145, 7, 15, 200, 28, 98, 128, 68, 126, 17, 25, 115, 87, 90, 211, 102, 9, 13, 250, 189, 94, 88, 39, 197, 67, 57, 220, 142, 139, 168, 117, 100, 251, 219, 89, 166, 132, 163, 114, 133, 164, 38, 86, 195, 254, 61, 35, 70, 77, 208, 74, 201, 18, 228, 198, 217, 83, 136, 109, 162, 169, 97, 141, 148, 210, 24, 135, 176, 202, 111, 230, 8, 212, 144, 125, 236, 116, 11, 191, 182, 180, 181, 253, 82, 56, 64, 131, 206, 159, 241, 20, 233, 229, 147, 178, 249, 209, 234, 81, 137, 216, 6, 10, 225, 19, 5, 110, 119, 14, 101, 158, 170, 78, 63, 246, 23, 123, 21, 218, 161, 48, 121, 140, 242, 146, 156, 66, 104, 50, 43, 227, 184, 204, 245, 196, 54, 165, 243, 134, 40, 75, 194, 187, 65, 160, 244, 49, 95, 157, 4, 76, 72, 238, 154, 37, 58, 199, 93, 175, 62, 106, 33, 42, 153, 193, 237
