# Final optimized S-box - THREAD-SAFE VERSION with Early Stopping
# Generated on: 2025-09-21T20:32:48.982
# Format: 16 values per line (256 total)

sbox = UInt8[
    142, 107, 130, 233, 177,  98, 225,  78, 183,  18,   8, 208, 222, 132, 144, 246,
    166,   3,   4,  45, 114, 174, 244, 118,  83, 232, 163,  19, 154, 249, 203,  44,
    149,  49, 145,  39, 192,  93, 116, 240,  85,  82, 180, 137, 220, 167, 100, 156,
    140,  69, 247,  96,  76,   6, 124,  21, 151,  77,  90,  84, 207,  74,  29, 164,
    131,  10,   0, 204,  41,  53,  11, 148,  34,  38, 119, 109,  24, 125, 217,  80,
    178, 134, 255,  64, 186,  73, 187, 150,  43, 212, 219, 122,  95, 238, 252, 231,
     23,  15,  91, 189,  51,  89,   7, 121, 205,  71, 143, 111, 210, 235, 159, 106,
    102, 108,  86, 120, 160, 105,  31, 135, 138, 230, 224, 211, 110,  48, 185, 157,
    196, 127,  14, 191, 245, 234,  42,  59, 209,  13,  65, 214, 182, 226,  63, 216,
    179, 176,  94,  92,  57, 200,  79, 253, 193, 139, 126,  99,  56,  22,  36, 112,
    158, 239, 172,  16,  68, 223,  75,  20,  66, 250, 155, 221,  27,   5,   2,  33,
    161, 113, 228,  37, 162, 184, 201, 199,  47,  55,  26, 169, 215, 136, 117,  17,
    147, 188, 195, 241, 243, 175, 218, 103,  30, 206,  72,  25,  28, 153, 165, 141,
      1,  40, 197,  46,  35, 170, 128, 198, 227,  67,  87, 251, 202, 115, 104, 168,
     12, 229,  52, 190, 129,  32,  88, 236, 171, 237,  61, 242, 152,  81, 101,   9,
    254,  60, 213,  70, 173,  97,  58, 181, 248, 133, 194, 123, 146,  62,  54,  50
]

# Comma-separated format:
142, 107, 130, 233, 177, 98, 225, 78, 183, 18, 8, 208, 222, 132, 144, 246, 166, 3, 4, 45, 114, 174, 244, 118, 83, 232, 163, 19, 154, 249, 203, 44, 149, 49, 145, 39, 192, 93, 116, 240, 85, 82, 180, 137, 220, 167, 100, 156, 140, 69, 247, 96, 76, 6, 124, 21, 151, 77, 90, 84, 207, 74, 29, 164, 131, 10, 0, 204, 41, 53, 11, 148, 34, 38, 119, 109, 24, 125, 217, 80, 178, 134, 255, 64, 186, 73, 187, 150, 43, 212, 219, 122, 95, 238, 252, 231, 23, 15, 91, 189, 51, 89, 7, 121, 205, 71, 143, 111, 210, 235, 159, 106, 102, 108, 86, 120, 160, 105, 31, 135, 138, 230, 224, 211, 110, 48, 185, 157, 196, 127, 14, 191, 245, 234, 42, 59, 209, 13, 65, 214, 182, 226, 63, 216, 179, 176, 94, 92, 57, 200, 79, 253, 193, 139, 126, 99, 56, 22, 36, 112, 158, 239, 172, 16, 68, 223, 75, 20, 66, 250, 155, 221, 27, 5, 2, 33, 161, 113, 228, 37, 162, 184, 201, 199, 47, 55, 26, 169, 215, 136, 117, 17, 147, 188, 195, 241, 243, 175, 218, 103, 30, 206, 72, 25, 28, 153, 165, 141, 1, 40, 197, 46, 35, 170, 128, 198, 227, 67, 87, 251, 202, 115, 104, 168, 12, 229, 52, 190, 129, 32, 88, 236, 171, 237, 61, 242, 152, 81, 101, 9, 254, 60, 213, 70, 173, 97, 58, 181, 248, 133, 194, 123, 146, 62, 54, 50
