# Final optimized S-box - THREAD-SAFE VERSION with Early Stopping
# Generated on: 2025-09-20T00:13:16.070
# Format: 16 values per line (256 total)

sbox = UInt8[
    142, 107, 230, 243, 214,  98,  27,  74, 183, 119,   8, 208, 222, 132, 248, 195,
     36,  65, 235,  45, 216, 184, 244, 150, 236, 217, 163,  91, 227,  89,  11,  44,
      9,  49, 145,  71, 181,  93, 116, 240,  85,  82, 180, 137, 186, 167, 100, 156,
    140, 125, 247,  95,  86,  43,  69,  21, 151,  77,  90, 160, 191, 201,  15,  53,
    131,  10, 192, 146, 207,  73,   2,  84,  34,  67, 128, 148,  24,  99, 190,  80,
    178, 205, 149,  64, 177, 164, 187,  87, 220, 213, 219, 231, 152, 199, 252, 122,
    161,  18, 133, 189,  55, 239,   7, 121,  33,  94, 221, 111, 210,  76, 159, 182,
    102, 108,  38,  37, 109, 193,  13, 232, 138, 225, 224, 211, 110, 242, 185, 157,
    196,  52,  14, 166, 175, 212,  42, 223, 209, 246, 203,   6,  79,  50,  63,  70,
    179, 176,  39,  92, 120, 200, 106, 253, 238,  51, 126, 147,  56,  22, 162, 112,
    158, 249, 172,  16,  31,  59, 254,  20,  66, 250, 155, 143, 245, 118,   3, 134,
    124, 113, 194, 130,  41, 174,  75,  28,  47,  48,  26, 114, 169, 136, 117,  17,
     19, 188, 228, 241, 233,  68, 168, 103,  30, 139,  72,  25,  29, 202, 165, 141,
      1,  40, 197, 226,  35, 170,  96, 154,  46,   4,   5, 251, 104, 115, 153, 218,
     12, 229, 234, 135, 129,  32,  88,  83, 171, 237,  61,  23,  57,  81, 101, 255,
     78,  60, 198, 123, 173,  97, 206,   0, 127, 144, 105, 215, 204,  62,  54,  58
]

# Comma-separated format:
142, 107, 230, 243, 214, 98, 27, 74, 183, 119, 8, 208, 222, 132, 248, 195, 36, 65, 235, 45, 216, 184, 244, 150, 236, 217, 163, 91, 227, 89, 11, 44, 9, 49, 145, 71, 181, 93, 116, 240, 85, 82, 180, 137, 186, 167, 100, 156, 140, 125, 247, 95, 86, 43, 69, 21, 151, 77, 90, 160, 191, 201, 15, 53, 131, 10, 192, 146, 207, 73, 2, 84, 34, 67, 128, 148, 24, 99, 190, 80, 178, 205, 149, 64, 177, 164, 187, 87, 220, 213, 219, 231, 152, 199, 252, 122, 161, 18, 133, 189, 55, 239, 7, 121, 33, 94, 221, 111, 210, 76, 159, 182, 102, 108, 38, 37, 109, 193, 13, 232, 138, 225, 224, 211, 110, 242, 185, 157, 196, 52, 14, 166, 175, 212, 42, 223, 209, 246, 203, 6, 79, 50, 63, 70, 179, 176, 39, 92, 120, 200, 106, 253, 238, 51, 126, 147, 56, 22, 162, 112, 158, 249, 172, 16, 31, 59, 254, 20, 66, 250, 155, 143, 245, 118, 3, 134, 124, 113, 194, 130, 41, 174, 75, 28, 47, 48, 26, 114, 169, 136, 117, 17, 19, 188, 228, 241, 233, 68, 168, 103, 30, 139, 72, 25, 29, 202, 165, 141, 1, 40, 197, 226, 35, 170, 96, 154, 46, 4, 5, 251, 104, 115, 153, 218, 12, 229, 234, 135, 129, 32, 88, 83, 171, 237, 61, 23, 57, 81, 101, 255, 78, 60, 198, 123, 173, 97, 206, 0, 127, 144, 105, 215, 204, 62, 54, 58
