# Final optimized S-box - THREAD-SAFE VERSION with Early Stopping
# Generated on: 2025-09-16T21:04:06.839
# Format: 16 values per line (256 total)

sbox = UInt8[
    229, 107, 135, 243, 214,  98, 156,  78, 183, 185,   8, 208,  35, 132, 255, 127,
    166,   3,  97,  45, 114, 174, 225,  85,  83, 217,  17,  19, 154, 249, 130,  44,
    145,  49, 173,  71,  58,  93, 116, 240,  20,  82, 180, 137, 220, 109, 100, 146,
    158,  11, 247, 192,  76,  43, 226, 227, 151,  77,  90,  84, 207, 201,  15, 164,
    131,  10,   0,  27,  41,  54,  65, 167,  34, 178,  72, 129, 171, 125, 197,  96,
    161, 232, 250,  64, 186,  73, 187, 150, 177, 212, 219, 231,  95, 222, 140, 122,
     69,  37,  91, 189,  55,  89,   7, 121,  33, 148, 143, 111, 210, 235, 159, 191,
    102, 108,  86, 252, 193, 105,  13, 104, 138, 230, 224, 211, 110,  51, 175, 157,
    196, 244,  14, 162,  18, 234,  42,  59, 209, 246, 203,   6,  79, 118,  63,  70,
    179, 176,  39,  92, 120, 200, 106, 253, 128, 206, 126,  99,  56,  22, 119, 112,
    152,  53, 172,  16,  31, 223,  74,  87,  66, 248, 155, 221, 245,  38,   2, 134,
    124, 113,  23, 238,   4, 184,  75,  28,  47,  48,  26, 169, 216, 136, 117, 163,
    147, 188, 228, 241,  36,  68, 168, 103,  30, 139, 142,  25,  29, 202, 165, 141,
      1,  40, 195, 213, 199, 170, 160, 198,  46,  67,   5, 251, 153, 115, 205, 218,
     12, 239, 242, 190,  94,  32,  88, 236,  24, 237,  61,  52,  57,  81, 101,   9,
    254,  60, 182, 215, 149,  21,  80, 181, 133, 144, 194, 123, 204,  62, 233,  50
]

# Comma-separated format:
229, 107, 135, 243, 214, 98, 156, 78, 183, 185, 8, 208, 35, 132, 255, 127, 166, 3, 97, 45, 114, 174, 225, 85, 83, 217, 17, 19, 154, 249, 130, 44, 145, 49, 173, 71, 58, 93, 116, 240, 20, 82, 180, 137, 220, 109, 100, 146, 158, 11, 247, 192, 76, 43, 226, 227, 151, 77, 90, 84, 207, 201, 15, 164, 131, 10, 0, 27, 41, 54, 65, 167, 34, 178, 72, 129, 171, 125, 197, 96, 161, 232, 250, 64, 186, 73, 187, 150, 177, 212, 219, 231, 95, 222, 140, 122, 69, 37, 91, 189, 55, 89, 7, 121, 33, 148, 143, 111, 210, 235, 159, 191, 102, 108, 86, 252, 193, 105, 13, 104, 138, 230, 224, 211, 110, 51, 175, 157, 196, 244, 14, 162, 18, 234, 42, 59, 209, 246, 203, 6, 79, 118, 63, 70, 179, 176, 39, 92, 120, 200, 106, 253, 128, 206, 126, 99, 56, 22, 119, 112, 152, 53, 172, 16, 31, 223, 74, 87, 66, 248, 155, 221, 245, 38, 2, 134, 124, 113, 23, 238, 4, 184, 75, 28, 47, 48, 26, 169, 216, 136, 117, 163, 147, 188, 228, 241, 36, 68, 168, 103, 30, 139, 142, 25, 29, 202, 165, 141, 1, 40, 195, 213, 199, 170, 160, 198, 46, 67, 5, 251, 153, 115, 205, 218, 12, 239, 242, 190, 94, 32, 88, 236, 24, 237, 61, 52, 57, 81, 101, 9, 254, 60, 182, 215, 149, 21, 80, 181, 133, 144, 194, 123, 204, 62, 233, 50
