# Final optimized S-box - THREAD-SAFE VERSION with Early Stopping
# Generated on: 2025-09-22T19:20:20.670
# Format: 16 values per line (256 total)

sbox = UInt8[
     66, 230,   3, 241,  24, 113,  22,  65,   5,   7, 125,  35, 148, 252, 118, 201,
    174,  91,  97,  60, 143,  20, 242,  18,   6,  25,   8, 129, 142, 104, 236, 196,
     17,  41, 120, 126, 167, 231, 179, 121,  29, 110, 182, 141, 156, 235, 221, 123,
    208, 205,  63,  56,  80, 227,  16, 108, 184, 197,  67, 255, 212, 216, 130,  31,
     95,   2, 244, 157,  54, 149,  62, 122,  98,  82,  43,  37, 173, 229, 217, 199,
     36,  48,  64,  74, 127,  85,   9,  57, 207, 243, 246,  13, 144,  44,  71, 166,
    249, 159, 250, 160, 183, 228, 209, 240, 112, 203, 186,  86, 161, 131,  11,  78,
    245,  59, 169,  88,  87, 192,  38, 146, 200, 222, 119, 168, 218,  27,  84, 214,
     10,  90, 202, 101, 100, 193,  15, 135,  79,  12, 187,  34, 180,  53,  45, 105,
    102,  93, 251,  28,  89, 109, 239, 136, 138,  94,  23,  77, 176,  50, 158,  14,
     99,  70, 150,  47,  68, 133, 117, 210, 226, 195, 171, 132, 115,  76, 124,  40,
    225, 223, 111,  73,  21, 254, 137, 151, 114, 175, 152, 204,  19,  69,  30, 165,
    181, 213, 147, 107, 116,  52, 190,  26, 177,  61, 128, 153, 172,  46,  32, 185,
    170,   0, 237, 191, 234, 134,  81, 145, 247, 238, 154, 224, 211, 232, 163, 219,
    220, 248,  72,   4,  51, 198,  33, 106, 194, 233, 189, 188, 164, 206, 162, 139,
     39, 215, 155, 140,  55,  58,  49,   1,  42,  96, 178,  92,  83, 253, 103,  75
]

# Comma-separated format:
66, 230, 3, 241, 24, 113, 22, 65, 5, 7, 125, 35, 148, 252, 118, 201, 174, 91, 97, 60, 143, 20, 242, 18, 6, 25, 8, 129, 142, 104, 236, 196, 17, 41, 120, 126, 167, 231, 179, 121, 29, 110, 182, 141, 156, 235, 221, 123, 208, 205, 63, 56, 80, 227, 16, 108, 184, 197, 67, 255, 212, 216, 130, 31, 95, 2, 244, 157, 54, 149, 62, 122, 98, 82, 43, 37, 173, 229, 217, 199, 36, 48, 64, 74, 127, 85, 9, 57, 207, 243, 246, 13, 144, 44, 71, 166, 249, 159, 250, 160, 183, 228, 209, 240, 112, 203, 186, 86, 161, 131, 11, 78, 245, 59, 169, 88, 87, 192, 38, 146, 200, 222, 119, 168, 218, 27, 84, 214, 10, 90, 202, 101, 100, 193, 15, 135, 79, 12, 187, 34, 180, 53, 45, 105, 102, 93, 251, 28, 89, 109, 239, 136, 138, 94, 23, 77, 176, 50, 158, 14, 99, 70, 150, 47, 68, 133, 117, 210, 226, 195, 171, 132, 115, 76, 124, 40, 225, 223, 111, 73, 21, 254, 137, 151, 114, 175, 152, 204, 19, 69, 30, 165, 181, 213, 147, 107, 116, 52, 190, 26, 177, 61, 128, 153, 172, 46, 32, 185, 170, 0, 237, 191, 234, 134, 81, 145, 247, 238, 154, 224, 211, 232, 163, 219, 220, 248, 72, 4, 51, 198, 33, 106, 194, 233, 189, 188, 164, 206, 162, 139, 39, 215, 155, 140, 55, 58, 49, 1, 42, 96, 178, 92, 83, 253, 103, 75
