# Final optimized S-box - THREAD-SAFE VERSION with Early Stopping
# Generated on: 2025-09-20T23:14:09.233
# Format: 16 values per line (256 total)

sbox = UInt8[
    217, 218, 240, 204,   3, 229,  98, 197, 168,  41, 137, 123, 181,  56,  16,  61,
     62, 179, 142,  19, 162,  74, 232, 143,  25,   4,  66, 154,  48,  67, 230,   9,
    130, 141, 135, 133, 214,  33,  55, 118, 246, 109, 117,  46,  53,  23,  80, 239,
    187, 211, 165,  39, 138,   5, 200, 233, 235, 104,  38, 190, 111, 202, 124, 147,
    149,  64,  63, 171,  10,  50,  87, 199, 184, 203,  13, 196, 189, 186, 206,  79,
     75, 156, 228, 250, 108,  24, 174,  70,  65, 127,  59, 153, 209,  92, 216,  72,
     96,  83,  97, 152,  54, 176, 144, 185, 100,  68, 102,  26, 122, 166, 112,  99,
    167, 172,  32, 155,  30, 145, 201, 140, 213, 191, 215,  17,  14, 128, 212,  52,
    255, 125, 180, 164, 119, 116, 105, 129, 192, 150, 219,  90, 242,  60, 227, 134,
     12,  11, 146,  36, 223,  47, 234,  57, 252,  91,  89, 115, 208,  18,  81, 113,
    248,  88,  43, 136,  84, 169,   6, 241,  34, 193, 222, 114,  29, 161, 159, 247,
    101,  95,  44,  15, 157, 131, 238, 183,   2, 106, 195, 177, 110, 103, 194, 170,
    139, 249, 178, 207, 236,  49,  93,  86, 245,  22, 126, 107,  71,  85,  31, 182,
    243, 163,  76,  73, 225,   0, 158, 224, 205, 221,  58, 251, 210,  94,  27,  28,
    173,  69,  20, 132,   8,  78, 188, 220,  82,   1, 198,  42, 160, 244, 237,  45,
     40, 254, 226, 151, 121,  21,  35, 175, 120,   7, 231,  51,  37, 253,  77, 148
]

# Comma-separated format:
217, 218, 240, 204, 3, 229, 98, 197, 168, 41, 137, 123, 181, 56, 16, 61, 62, 179, 142, 19, 162, 74, 232, 143, 25, 4, 66, 154, 48, 67, 230, 9, 130, 141, 135, 133, 214, 33, 55, 118, 246, 109, 117, 46, 53, 23, 80, 239, 187, 211, 165, 39, 138, 5, 200, 233, 235, 104, 38, 190, 111, 202, 124, 147, 149, 64, 63, 171, 10, 50, 87, 199, 184, 203, 13, 196, 189, 186, 206, 79, 75, 156, 228, 250, 108, 24, 174, 70, 65, 127, 59, 153, 209, 92, 216, 72, 96, 83, 97, 152, 54, 176, 144, 185, 100, 68, 102, 26, 122, 166, 112, 99, 167, 172, 32, 155, 30, 145, 201, 140, 213, 191, 215, 17, 14, 128, 212, 52, 255, 125, 180, 164, 119, 116, 105, 129, 192, 150, 219, 90, 242, 60, 227, 134, 12, 11, 146, 36, 223, 47, 234, 57, 252, 91, 89, 115, 208, 18, 81, 113, 248, 88, 43, 136, 84, 169, 6, 241, 34, 193, 222, 114, 29, 161, 159, 247, 101, 95, 44, 15, 157, 131, 238, 183, 2, 106, 195, 177, 110, 103, 194, 170, 139, 249, 178, 207, 236, 49, 93, 86, 245, 22, 126, 107, 71, 85, 31, 182, 243, 163, 76, 73, 225, 0, 158, 224, 205, 221, 58, 251, 210, 94, 27, 28, 173, 69, 20, 132, 8, 78, 188, 220, 82, 1, 198, 42, 160, 244, 237, 45, 40, 254, 226, 151, 121, 21, 35, 175, 120, 7, 231, 51, 37, 253, 77, 148
