# Final optimized S-box - THREAD-SAFE VERSION with Early Stopping
# Generated on: 2025-09-13T15:10:47.899
# Format: 16 values per line (256 total)

sbox = UInt8[
     20, 230,   3, 243,  24, 113,   1, 227,   5,   7, 125,  35, 148,  10,  43, 201,
    174,  91,  97,  60, 138,   8, 250,  18,   6,  25,  38,  12, 142, 242, 252, 183,
     17, 164, 120, 180, 167, 231,  96, 121,  29, 110,  42,  40, 156,  36, 221, 123,
    134, 205,  63,  56,  80, 155,  16, 106, 228, 217,  67, 255, 212, 216, 130,  31,
     95, 137, 244, 157,  54, 149, 178, 122,  98,  82, 118,  33, 236, 126,  46, 199,
    235,  48,  64,  74, 165, 102,   9, 188, 207, 107, 246,   2, 144,  44,  71, 166,
    249, 159, 254, 186,  92, 173, 147, 240,  22, 203, 104, 204, 161, 131,  99,  78,
    245,  11, 169,  88,  87, 192, 229, 146, 117, 222, 119, 168, 234,  27,  84, 214,
    184,  90, 202, 101, 100, 197,  15, 135,  79,  72, 187,  34, 176, 129,  45, 152,
     85,  93, 251, 215,  89, 109, 239, 136, 139,  94,  23,  77,  66,  50, 158,  14,
     59, 193, 150,  47,  68,  19, 220, 210, 226,  65, 171, 132, 115,  76, 124,  26,
     39, 223, 111, 162,  21, 160,  13, 151,  32, 175, 127, 194,  73,  69,  30, 200,
    181, 213, 114, 241, 116,  52, 190, 141, 177,  61, 128, 153, 172, 237, 112, 225,
    170,   0, 108, 185, 154, 208,  81, 145, 247, 238, 218, 224, 211, 232,  62, 219,
     51, 248,  57,   4, 163, 198,  37,  58,  28, 233, 189, 191,  55, 206, 182, 143,
    195,  86,  49, 140,  53,  70,  41, 133, 209, 179, 105, 196,  83, 253, 103,  75
]

# Comma-separated format:
20, 230, 3, 243, 24, 113, 1, 227, 5, 7, 125, 35, 148, 10, 43, 201, 174, 91, 97, 60, 138, 8, 250, 18, 6, 25, 38, 12, 142, 242, 252, 183, 17, 164, 120, 180, 167, 231, 96, 121, 29, 110, 42, 40, 156, 36, 221, 123, 134, 205, 63, 56, 80, 155, 16, 106, 228, 217, 67, 255, 212, 216, 130, 31, 95, 137, 244, 157, 54, 149, 178, 122, 98, 82, 118, 33, 236, 126, 46, 199, 235, 48, 64, 74, 165, 102, 9, 188, 207, 107, 246, 2, 144, 44, 71, 166, 249, 159, 254, 186, 92, 173, 147, 240, 22, 203, 104, 204, 161, 131, 99, 78, 245, 11, 169, 88, 87, 192, 229, 146, 117, 222, 119, 168, 234, 27, 84, 214, 184, 90, 202, 101, 100, 197, 15, 135, 79, 72, 187, 34, 176, 129, 45, 152, 85, 93, 251, 215, 89, 109, 239, 136, 139, 94, 23, 77, 66, 50, 158, 14, 59, 193, 150, 47, 68, 19, 220, 210, 226, 65, 171, 132, 115, 76, 124, 26, 39, 223, 111, 162, 21, 160, 13, 151, 32, 175, 127, 194, 73, 69, 30, 200, 181, 213, 114, 241, 116, 52, 190, 141, 177, 61, 128, 153, 172, 237, 112, 225, 170, 0, 108, 185, 154, 208, 81, 145, 247, 238, 218, 224, 211, 232, 62, 219, 51, 248, 57, 4, 163, 198, 37, 58, 28, 233, 189, 191, 55, 206, 182, 143, 195, 86, 49, 140, 53, 70, 41, 133, 209, 179, 105, 196, 83, 253, 103, 75
