# Final optimized S-box - THREAD-SAFE VERSION with Early Stopping
# Generated on: 2025-09-18T12:02:30.474
# Format: 16 values per line (256 total)

sbox = UInt8[
    115, 234, 219, 191, 231,  38,  45, 241, 161, 227, 247,  88,  93, 152, 210,  13,
     71, 250,  51, 173,  62, 185, 137,  36,  83, 187, 209,  21,  14, 184,  44, 182,
    110, 122,  87,   0,  98, 181,  23,  69, 199,  55,  78,   1, 147, 200, 228,  17,
    225,  91, 239,  63,  37,  81,  90, 143, 221,  66, 196, 211, 245, 139,  80, 146,
      4, 226,  70,   8,  40, 252, 140,  46, 201,   6, 217, 246, 157, 103,  11, 238,
     92, 186,  50, 251,  96,  35,  18,  28, 113,  27, 123, 248,  29,  94, 174, 233,
    189, 188, 220, 205,  47, 163,  12, 243,   2,  99, 208,  48, 216,  39, 124,  52,
     42, 230, 162,  68, 254,  30,  65, 244, 237, 145, 144,  60, 240, 114, 223, 175,
    108, 134, 170, 222, 142, 203,  53,  24,  10, 194, 242,  75, 214,  54, 255, 105,
     34, 153, 116, 229, 141, 193, 112, 150,  82, 106,  86,  95, 138, 135, 127,  20,
    128,  56,   5,  74, 119,  59,  19,  43, 121, 126, 207, 206,  72,  73,  77,  67,
     97, 236, 164, 102, 149, 159, 171, 192, 129, 132,  32, 165, 111,  15,  64, 125,
    172,  58,  22, 232, 178, 168, 107,  89,  85, 120, 197, 118, 100, 166,  41,  57,
    131,  84, 155,  49, 204, 249,  25, 195,   3,  31, 154, 224, 130, 202, 190, 136,
    160,  33, 156, 104, 213, 177, 180, 179, 218, 212,  26, 253,   7, 176, 117, 198,
     76, 148, 215, 167, 158, 151,  61,  79, 169, 183, 101, 133, 109,   9, 235,  16
]

# Comma-separated format:
115, 234, 219, 191, 231, 38, 45, 241, 161, 227, 247, 88, 93, 152, 210, 13, 71, 250, 51, 173, 62, 185, 137, 36, 83, 187, 209, 21, 14, 184, 44, 182, 110, 122, 87, 0, 98, 181, 23, 69, 199, 55, 78, 1, 147, 200, 228, 17, 225, 91, 239, 63, 37, 81, 90, 143, 221, 66, 196, 211, 245, 139, 80, 146, 4, 226, 70, 8, 40, 252, 140, 46, 201, 6, 217, 246, 157, 103, 11, 238, 92, 186, 50, 251, 96, 35, 18, 28, 113, 27, 123, 248, 29, 94, 174, 233, 189, 188, 220, 205, 47, 163, 12, 243, 2, 99, 208, 48, 216, 39, 124, 52, 42, 230, 162, 68, 254, 30, 65, 244, 237, 145, 144, 60, 240, 114, 223, 175, 108, 134, 170, 222, 142, 203, 53, 24, 10, 194, 242, 75, 214, 54, 255, 105, 34, 153, 116, 229, 141, 193, 112, 150, 82, 106, 86, 95, 138, 135, 127, 20, 128, 56, 5, 74, 119, 59, 19, 43, 121, 126, 207, 206, 72, 73, 77, 67, 97, 236, 164, 102, 149, 159, 171, 192, 129, 132, 32, 165, 111, 15, 64, 125, 172, 58, 22, 232, 178, 168, 107, 89, 85, 120, 197, 118, 100, 166, 41, 57, 131, 84, 155, 49, 204, 249, 25, 195, 3, 31, 154, 224, 130, 202, 190, 136, 160, 33, 156, 104, 213, 177, 180, 179, 218, 212, 26, 253, 7, 176, 117, 198, 76, 148, 215, 167, 158, 151, 61, 79, 169, 183, 101, 133, 109, 9, 235, 16
