# Final optimized S-box - THREAD-SAFE VERSION with Early Stopping
# Generated on: 2025-09-18T13:32:30.385
# Format: 16 values per line (256 total)

sbox = UInt8[
    115, 234,  40, 191, 231, 102, 203, 151, 161, 227, 223, 197,  93, 180, 210, 199,
      9, 250,  51,  12,  52, 185, 186, 160,  83, 187, 209,  21, 155, 184,  44, 114,
    110, 122, 243,   0,  98, 181, 109,  69, 216, 174,  15, 251, 147,   7, 241,  72,
     87,  74, 239,  88,  37,  81,  91, 143, 253,  66, 220, 211,  92, 139,  80, 146,
    168, 226,  70,  50, 221, 252,  67,  62, 201,   6, 208, 176, 157, 103,  11, 238,
     90, 137,   8,   1,  96,  71, 222, 172, 113,  27, 123, 248,  30,  94,  57, 233,
      4,  47, 189,  36, 188,  65, 117, 131, 213,  99,  89, 219,  13,  39, 124, 246,
     17, 163, 162, 100, 254, 126, 144, 244, 170,  97, 159,  60, 228,  25, 196, 175,
    247, 134,  29,  64, 142,  28,  53, 129,  10, 194, 242,  75, 214,  54, 255, 105,
     34, 153, 116, 229, 141,  42, 112, 150,  82, 106,  86,  45, 138, 135, 127,  20,
    128,  14,   5,  18,  55,  59,  19,  43, 121, 125, 207, 206,  16,  73,  77, 140,
     78, 236, 164, 193,  95, 152, 171, 192,  24, 132,  32, 165, 111, 145, 133,  31,
    108,  58, 202, 232, 178, 217, 107, 149,  85, 120,  63, 118,   2, 166,  41, 198,
    225,  84, 119, 190, 204, 249, 182,  38,   3, 195, 154, 224, 130, 158,  35, 136,
    205, 173, 156, 104,  33, 177, 245, 179, 218, 212,  26,  79, 240,  46,  49,  56,
     76, 148, 215, 167, 237, 183,  61,  68, 169, 200, 101,  48, 230,  23, 235,  22
]

# Comma-separated format:
115, 234, 40, 191, 231, 102, 203, 151, 161, 227, 223, 197, 93, 180, 210, 199, 9, 250, 51, 12, 52, 185, 186, 160, 83, 187, 209, 21, 155, 184, 44, 114, 110, 122, 243, 0, 98, 181, 109, 69, 216, 174, 15, 251, 147, 7, 241, 72, 87, 74, 239, 88, 37, 81, 91, 143, 253, 66, 220, 211, 92, 139, 80, 146, 168, 226, 70, 50, 221, 252, 67, 62, 201, 6, 208, 176, 157, 103, 11, 238, 90, 137, 8, 1, 96, 71, 222, 172, 113, 27, 123, 248, 30, 94, 57, 233, 4, 47, 189, 36, 188, 65, 117, 131, 213, 99, 89, 219, 13, 39, 124, 246, 17, 163, 162, 100, 254, 126, 144, 244, 170, 97, 159, 60, 228, 25, 196, 175, 247, 134, 29, 64, 142, 28, 53, 129, 10, 194, 242, 75, 214, 54, 255, 105, 34, 153, 116, 229, 141, 42, 112, 150, 82, 106, 86, 45, 138, 135, 127, 20, 128, 14, 5, 18, 55, 59, 19, 43, 121, 125, 207, 206, 16, 73, 77, 140, 78, 236, 164, 193, 95, 152, 171, 192, 24, 132, 32, 165, 111, 145, 133, 31, 108, 58, 202, 232, 178, 217, 107, 149, 85, 120, 63, 118, 2, 166, 41, 198, 225, 84, 119, 190, 204, 249, 182, 38, 3, 195, 154, 224, 130, 158, 35, 136, 205, 173, 156, 104, 33, 177, 245, 179, 218, 212, 26, 79, 240, 46, 49, 56, 76, 148, 215, 167, 237, 183, 61, 68, 169, 200, 101, 48, 230, 23, 235, 22
