# Final optimized S-box - THREAD-SAFE VERSION with Early Stopping
# Generated on: 2025-09-22T16:54:08.888
# Format: 16 values per line (256 total)

sbox = UInt8[
     66, 230,   3, 241,  24, 113,  22, 227,   5,   7, 125,  35, 148,  10, 182, 201,
    174,  91,  97,  60, 143, 253, 242,  18,   6,  57,  36,  12, 142,  51, 238,  86,
     17,  74, 120, 132, 167, 231,  96, 121,  29, 110,  42, 254, 156,  58,  25, 212,
    134, 205,  63,  56,  80,  53,  16, 196, 228, 105,  67, 255,  87, 216, 130,  31,
     95,   2, 244, 157,  54, 149, 221, 122,  98,  82, 118,  37,  90, 229, 108, 214,
     40,  48,  64, 107, 165,  85,   9, 236, 207, 243, 246,  13, 144,  44,  71, 166,
    249, 159, 250, 186, 183, 223,  43, 164, 114, 203, 104,  72, 181, 131,  99,  92,
    245, 106, 169,  88,  33, 192,  62, 146, 117, 222, 119, 168, 234,  27,  84, 211,
    252, 235, 202, 101, 100, 193,  15, 135,  79, 204, 187,  34, 176, 129,  45, 152,
    102,  93, 251,  28,  89, 109, 239, 136, 218,  94,  23,  77,   8,  50, 158,  14,
    138,  70, 217,  47,  68, 133, 150, 210, 226, 195, 171,  38, 115,  76, 124, 240,
     65, 173, 111,  73, 154, 160, 137, 151,  32,  11, 127, 194,  19,  69,  30, 200,
    180, 213, 147,  41, 116,  52, 190, 141, 177,  61, 128, 153, 172,  46, 112, 188,
    170,   0, 237, 185, 155, 208,  81, 145, 247, 184,  59, 224, 199, 232, 161, 123,
    220, 248, 225,   4, 163, 198,  21, 126, 215, 233, 189, 191,  26, 206, 162, 175,
     39,  78, 219, 140,  55, 197,  49,   1, 209, 179, 178, 139,  83,  20, 103,  75
]

# Comma-separated format:
66, 230, 3, 241, 24, 113, 22, 227, 5, 7, 125, 35, 148, 10, 182, 201, 174, 91, 97, 60, 143, 253, 242, 18, 6, 57, 36, 12, 142, 51, 238, 86, 17, 74, 120, 132, 167, 231, 96, 121, 29, 110, 42, 254, 156, 58, 25, 212, 134, 205, 63, 56, 80, 53, 16, 196, 228, 105, 67, 255, 87, 216, 130, 31, 95, 2, 244, 157, 54, 149, 221, 122, 98, 82, 118, 37, 90, 229, 108, 214, 40, 48, 64, 107, 165, 85, 9, 236, 207, 243, 246, 13, 144, 44, 71, 166, 249, 159, 250, 186, 183, 223, 43, 164, 114, 203, 104, 72, 181, 131, 99, 92, 245, 106, 169, 88, 33, 192, 62, 146, 117, 222, 119, 168, 234, 27, 84, 211, 252, 235, 202, 101, 100, 193, 15, 135, 79, 204, 187, 34, 176, 129, 45, 152, 102, 93, 251, 28, 89, 109, 239, 136, 218, 94, 23, 77, 8, 50, 158, 14, 138, 70, 217, 47, 68, 133, 150, 210, 226, 195, 171, 38, 115, 76, 124, 240, 65, 173, 111, 73, 154, 160, 137, 151, 32, 11, 127, 194, 19, 69, 30, 200, 180, 213, 147, 41, 116, 52, 190, 141, 177, 61, 128, 153, 172, 46, 112, 188, 170, 0, 237, 185, 155, 208, 81, 145, 247, 184, 59, 224, 199, 232, 161, 123, 220, 248, 225, 4, 163, 198, 21, 126, 215, 233, 189, 191, 26, 206, 162, 175, 39, 78, 219, 140, 55, 197, 49, 1, 209, 179, 178, 139, 83, 20, 103, 75
