# Final optimized S-box - THREAD-SAFE VERSION with Early Stopping
# Generated on: 2025-09-23T01:24:37.056
# Format: 16 values per line (256 total)

sbox = UInt8[
     34, 230,   3, 244,  24, 113,  22, 141,   5,   7, 125,  35, 148,  10,  43, 201,
    174,  91,  73,  60, 143,  20, 242,  18,   6,  25,  38,  12, 142,  51, 236,  92,
     97, 241, 120, 126, 167, 231,  96, 185, 137, 110,  42, 187, 208,  36, 221, 123,
    134, 205,  63,  56,  80,  53,  16, 106, 228, 217, 214, 254, 212, 156, 130,  72,
     95,   2,  87, 157,  54, 149,  14, 122,  98,  82, 118,  37, 184, 229, 108, 199,
     23,  48,  64, 234, 165,  85,   9,  57, 235, 243, 246,  13, 144,  44,  71, 164,
     28,  31, 250, 186,  84, 173, 182, 240, 114, 203, 104, 190, 161, 131,  99, 209,
    245,  11, 169,  88,  41, 192, 180, 146, 117, 222, 119, 168,  55,  27, 103, 151,
    252,  90, 202, 101, 100, 193,  15, 135,  79, 159, 102,  39, 176, 129,  45, 152,
    155,  93, 251, 224,  89, 109, 239, 136, 138,  94, 207,  77,   8,  50, 158,  74,
     59,  70, 150,  47,  68, 133, 105, 210, 226, 195, 171, 132, 115,  76, 124,  26,
     65, 223, 111,  17,  21, 160, 213,  67,  32, 175, 127, 194,  19,  69,  78, 200,
     66,  29, 147, 107, 116,  52, 204, 198, 177,  61, 128, 153, 172,  46, 112, 188,
    170,   0, 237, 253, 154, 216,  81, 145, 247, 238, 218, 249, 178, 232,  62, 219,
    220, 248, 225,   4, 163, 227,  33,  58, 215, 233, 189, 191, 179, 206, 162, 139,
    181,  86,  40, 140, 255, 197,  49,   1,  30, 166, 211, 196,  83, 121, 183,  75
]

# Comma-separated format:
34, 230, 3, 244, 24, 113, 22, 141, 5, 7, 125, 35, 148, 10, 43, 201, 174, 91, 73, 60, 143, 20, 242, 18, 6, 25, 38, 12, 142, 51, 236, 92, 97, 241, 120, 126, 167, 231, 96, 185, 137, 110, 42, 187, 208, 36, 221, 123, 134, 205, 63, 56, 80, 53, 16, 106, 228, 217, 214, 254, 212, 156, 130, 72, 95, 2, 87, 157, 54, 149, 14, 122, 98, 82, 118, 37, 184, 229, 108, 199, 23, 48, 64, 234, 165, 85, 9, 57, 235, 243, 246, 13, 144, 44, 71, 164, 28, 31, 250, 186, 84, 173, 182, 240, 114, 203, 104, 190, 161, 131, 99, 209, 245, 11, 169, 88, 41, 192, 180, 146, 117, 222, 119, 168, 55, 27, 103, 151, 252, 90, 202, 101, 100, 193, 15, 135, 79, 159, 102, 39, 176, 129, 45, 152, 155, 93, 251, 224, 89, 109, 239, 136, 138, 94, 207, 77, 8, 50, 158, 74, 59, 70, 150, 47, 68, 133, 105, 210, 226, 195, 171, 132, 115, 76, 124, 26, 65, 223, 111, 17, 21, 160, 213, 67, 32, 175, 127, 194, 19, 69, 78, 200, 66, 29, 147, 107, 116, 52, 204, 198, 177, 61, 128, 153, 172, 46, 112, 188, 170, 0, 237, 253, 154, 216, 81, 145, 247, 238, 218, 249, 178, 232, 62, 219, 220, 248, 225, 4, 163, 227, 33, 58, 215, 233, 189, 191, 179, 206, 162, 139, 181, 86, 40, 140, 255, 197, 49, 1, 30, 166, 211, 196, 83, 121, 183, 75
