# Final optimized S-box - THREAD-SAFE VERSION with Early Stopping
# Generated on: 2025-09-10T20:01:26.705
# Format: 16 values per line (256 total)

sbox = UInt8[
    142, 107,  69, 141, 214, 114,  58, 195, 183,  37,   8, 138, 222,  15, 248, 225,
     35,   3,   4,  17, 216, 174, 251,  87,  98,  76,   0,  19,  27, 249, 184,  44,
    187, 166, 145, 205, 192,  93, 116, 112,  85,  82, 180, 160, 230, 167, 100, 217,
    140,  33, 247, 175, 233,  43, 161,  21, 151,  77,  90,  84, 191, 178, 132, 194,
     34,  10, 179,  56, 207, 193,  65, 109,  97,  67, 119, 148,  24, 125, 139,  80,
    201,  11, 255,  64, 177,  73, 149, 137, 220, 212, 219, 150,  95, 164, 252, 122,
     23, 234,  91, 189,  55,  89,  16, 121, 181,  94, 143, 123, 223, 235, 159, 182,
    158, 108,  46, 152, 204, 105,  13, 210, 244, 186, 170, 211, 110,  51, 185, 157,
    196, 127,  14, 162,  96,  18,  42,  59, 209, 246, 203,   6,  81, 226,  63,  70,
    218, 176,  39,  92, 124, 200, 106, 253,  53,  52, 126,  99,  79,  22,  36, 117,
    102, 239, 172,   7,  31,   5,  74,  20,  66, 250, 155,  40, 136, 131,  62, 134,
    240, 113, 130, 238,  41, 111,  75,  28,  47,  48,  26,  38, 169, 245,  61,  45,
    147, 188, 228, 241, 144,  68, 168, 103,  30, 135,  72,  25, 104, 202, 165, 243,
      1, 221, 197, 213,  49, 224, 128, 198,  86,  83, 163, 208, 153, 115,  29, 232,
     12, 229, 242, 190, 129,  32,  88, 236, 171, 237,  78, 206,  57, 199, 101,   9,
    254, 120, 227, 215, 173, 118, 154, 133,  71, 156, 146,  60, 231,   2,  54,  50
]

# Comma-separated format:
142, 107, 69, 141, 214, 114, 58, 195, 183, 37, 8, 138, 222, 15, 248, 225, 35, 3, 4, 17, 216, 174, 251, 87, 98, 76, 0, 19, 27, 249, 184, 44, 187, 166, 145, 205, 192, 93, 116, 112, 85, 82, 180, 160, 230, 167, 100, 217, 140, 33, 247, 175, 233, 43, 161, 21, 151, 77, 90, 84, 191, 178, 132, 194, 34, 10, 179, 56, 207, 193, 65, 109, 97, 67, 119, 148, 24, 125, 139, 80, 201, 11, 255, 64, 177, 73, 149, 137, 220, 212, 219, 150, 95, 164, 252, 122, 23, 234, 91, 189, 55, 89, 16, 121, 181, 94, 143, 123, 223, 235, 159, 182, 158, 108, 46, 152, 204, 105, 13, 210, 244, 186, 170, 211, 110, 51, 185, 157, 196, 127, 14, 162, 96, 18, 42, 59, 209, 246, 203, 6, 81, 226, 63, 70, 218, 176, 39, 92, 124, 200, 106, 253, 53, 52, 126, 99, 79, 22, 36, 117, 102, 239, 172, 7, 31, 5, 74, 20, 66, 250, 155, 40, 136, 131, 62, 134, 240, 113, 130, 238, 41, 111, 75, 28, 47, 48, 26, 38, 169, 245, 61, 45, 147, 188, 228, 241, 144, 68, 168, 103, 30, 135, 72, 25, 104, 202, 165, 243, 1, 221, 197, 213, 49, 224, 128, 198, 86, 83, 163, 208, 153, 115, 29, 232, 12, 229, 242, 190, 129, 32, 88, 236, 171, 237, 78, 206, 57, 199, 101, 9, 254, 120, 227, 215, 173, 118, 154, 133, 71, 156, 146, 60, 231, 2, 54, 50
