# Final optimized S-box - THREAD-SAFE VERSION with Early Stopping
# Generated on: 2025-09-09T01:51:15.720
# Format: 16 values per line (256 total)

sbox = UInt8[
     39, 107, 195, 243, 214,  98,  27,  78, 245,  83,   8, 208, 222, 132, 248, 100,
    166,   3, 217,  45, 216,  47, 188,  87,  11, 234, 242,  19, 154, 249,  37,  44,
    149,  49, 145,  71, 192,  93, 116,  77,  85,  82, 189, 137, 186, 167,  35, 156,
    140,  69, 162,  96,  76,  43, 161, 212, 151, 254,  90,  84, 191, 201, 144, 164,
    131,  24, 229, 146, 207, 130,  65,  10,  34,  67, 119, 148,  33, 109, 135,  80,
     15,  46, 152,  64, 177,  73, 136, 142,   4, 244, 219, 231,  95, 252, 199, 122,
     23,  18,  91, 134,  55,  89,   7, 121, 125,  94, 143, 233, 113, 235, 159, 182,
    102, 108,  86, 253, 160, 105,  13, 232, 138, 230, 224, 211, 239,  51, 185, 157,
    196, 127,  75,  60, 175,  41, 163,  59, 209, 141, 203,   6,  79, 226,  63,  70,
    179, 176, 150,  21, 120, 200, 106, 255, 193, 206, 126,  99,  56,  22, 223, 210,
    158, 123, 111,  16,  31,  36,  14,  20,  66, 250, 155, 221, 227, 118,   2, 180,
    124, 112,  53, 238,  40, 184,  74,  28,  61,  48,  26, 114, 240, 187, 117,  17,
    147,  92, 228, 241, 220,  68, 168, 103,  30, 139,  72,  25,  29, 202, 165, 246,
      1, 172, 197, 213, 225, 170, 128, 198, 194,  38,   5, 251, 153, 115, 104, 218,
    183, 237,  42, 190, 129,  32,  88, 236, 171, 110, 174,  52,  57,  81, 101,   9,
    169, 247,  12, 215, 173,  97,  58, 181, 133, 178, 205,   0, 204,  62,  54,  50
]

# Comma-separated format:
39, 107, 195, 243, 214, 98, 27, 78, 245, 83, 8, 208, 222, 132, 248, 100, 166, 3, 217, 45, 216, 47, 188, 87, 11, 234, 242, 19, 154, 249, 37, 44, 149, 49, 145, 71, 192, 93, 116, 77, 85, 82, 189, 137, 186, 167, 35, 156, 140, 69, 162, 96, 76, 43, 161, 212, 151, 254, 90, 84, 191, 201, 144, 164, 131, 24, 229, 146, 207, 130, 65, 10, 34, 67, 119, 148, 33, 109, 135, 80, 15, 46, 152, 64, 177, 73, 136, 142, 4, 244, 219, 231, 95, 252, 199, 122, 23, 18, 91, 134, 55, 89, 7, 121, 125, 94, 143, 233, 113, 235, 159, 182, 102, 108, 86, 253, 160, 105, 13, 232, 138, 230, 224, 211, 239, 51, 185, 157, 196, 127, 75, 60, 175, 41, 163, 59, 209, 141, 203, 6, 79, 226, 63, 70, 179, 176, 150, 21, 120, 200, 106, 255, 193, 206, 126, 99, 56, 22, 223, 210, 158, 123, 111, 16, 31, 36, 14, 20, 66, 250, 155, 221, 227, 118, 2, 180, 124, 112, 53, 238, 40, 184, 74, 28, 61, 48, 26, 114, 240, 187, 117, 17, 147, 92, 228, 241, 220, 68, 168, 103, 30, 139, 72, 25, 29, 202, 165, 246, 1, 172, 197, 213, 225, 170, 128, 198, 194, 38, 5, 251, 153, 115, 104, 218, 183, 237, 42, 190, 129, 32, 88, 236, 171, 110, 174, 52, 57, 81, 101, 9, 169, 247, 12, 215, 173, 97, 58, 181, 133, 178, 205, 0, 204, 62, 54, 50
