# Final optimized S-box - THREAD-SAFE VERSION with Early Stopping
# Generated on: 2025-09-16T11:39:26.576
# Format: 16 values per line (256 total)

sbox = UInt8[
    142,  45, 195, 243, 214,  98, 206,  78, 183,  18,   8, 208, 222, 132, 248, 171,
    166,   3,   4, 107, 114, 174, 244,  55,  83,  50, 225,  19, 154, 249, 125,  44,
    149,  49, 145, 217,   0,  93,  97, 240, 197,  82, 180, 141, 220, 167, 100, 215,
    140,  69,  36,  96,  76,  43, 161, 229, 151,  77,  90,  84, 207, 201,  15, 164,
    101,  10, 224, 146,  41,  53,  65, 245,  34,  38, 119, 148, 155,  11, 135,  80,
    178, 205, 117,  64, 186,   1, 187, 150, 177, 212, 219, 231,  95, 199, 252, 122,
     23,  35,  91, 185,  17,  89,   7, 121,  33,  94, 143, 111, 209, 235,  24, 182,
    223, 108,  86, 232, 160, 138,  13, 152, 255, 230, 118, 102, 110,  51, 184, 157,
    196,  27, 105, 162, 175, 234,  42,  59,   2, 246, 203,   6, 192, 226,  63,  70,
    179, 176,  39,  92, 120, 200, 106, 109,  21,  14,  72,  99,  56, 136, 247, 112,
    158, 239, 172,  88,  31, 211,  74,  20,  66, 250, 159, 210, 221, 204,  85, 134,
    181, 113, 130, 238, 191, 189,  75,  28,  47,  48,  26, 169, 216, 115, 137,  87,
    147, 188, 228, 241, 233,  68, 168, 103,  30, 139,  58,  25,  29, 202, 165, 193,
     73,  40, 253,  37, 213, 170, 128,  22,  46,  67,   5, 251, 198, 153, 104, 218,
     12, 156, 242, 190, 129,  32,  16, 236, 163, 237,  61,  52,  57,  81, 131,   9,
    254,  60, 227, 127, 173, 116, 126, 194, 133, 144, 124, 123,  79,  62,  54,  71
]

# Comma-separated format:
142, 45, 195, 243, 214, 98, 206, 78, 183, 18, 8, 208, 222, 132, 248, 171, 166, 3, 4, 107, 114, 174, 244, 55, 83, 50, 225, 19, 154, 249, 125, 44, 149, 49, 145, 217, 0, 93, 97, 240, 197, 82, 180, 141, 220, 167, 100, 215, 140, 69, 36, 96, 76, 43, 161, 229, 151, 77, 90, 84, 207, 201, 15, 164, 101, 10, 224, 146, 41, 53, 65, 245, 34, 38, 119, 148, 155, 11, 135, 80, 178, 205, 117, 64, 186, 1, 187, 150, 177, 212, 219, 231, 95, 199, 252, 122, 23, 35, 91, 185, 17, 89, 7, 121, 33, 94, 143, 111, 209, 235, 24, 182, 223, 108, 86, 232, 160, 138, 13, 152, 255, 230, 118, 102, 110, 51, 184, 157, 196, 27, 105, 162, 175, 234, 42, 59, 2, 246, 203, 6, 192, 226, 63, 70, 179, 176, 39, 92, 120, 200, 106, 109, 21, 14, 72, 99, 56, 136, 247, 112, 158, 239, 172, 88, 31, 211, 74, 20, 66, 250, 159, 210, 221, 204, 85, 134, 181, 113, 130, 238, 191, 189, 75, 28, 47, 48, 26, 169, 216, 115, 137, 87, 147, 188, 228, 241, 233, 68, 168, 103, 30, 139, 58, 25, 29, 202, 165, 193, 73, 40, 253, 37, 213, 170, 128, 22, 46, 67, 5, 251, 198, 153, 104, 218, 12, 156, 242, 190, 129, 32, 16, 236, 163, 237, 61, 52, 57, 81, 131, 9, 254, 60, 227, 127, 173, 116, 126, 194, 133, 144, 124, 123, 79, 62, 54, 71
