# Final optimized S-box - THREAD-SAFE VERSION with Early Stopping
# Generated on: 2025-09-19T01:39:19.323
# Format: 16 values per line (256 total)

sbox = UInt8[
    142, 107, 195, 187, 214,  98,  27,  78, 183,  18,   8, 208, 222, 132, 248, 225,
    198,   3,   4,  45, 114, 218, 244,  87,  86, 217, 163,  19, 156, 249,  11,  53,
    149, 206,  49,  71, 192, 104,  60, 240,  63,  82, 255, 137, 220,  99, 116, 236,
    140,  69, 247,  96,  76,  43, 161,  21, 197,  77,  90,  84, 207, 201,  15, 164,
    151,  10,   5, 146,  41,  56,  65, 150,  34,  38, 119, 148,  24, 125, 135,  80,
    215, 205, 186, 145, 180,  73, 181, 109, 177, 171, 219, 231,  95, 251, 221, 155,
     85,  37,  91, 189,  55,  89,   7, 121,  33,  94, 143, 252, 210, 235, 159, 182,
    185, 176,  83, 152, 237, 241,  13, 172, 138, 226, 224, 211, 110, 100, 102, 157,
    196, 127,  14, 162, 139,  93,  42,  59, 250, 108, 203,   6,  79, 166,  81,  70,
    179,  51,  39,  92, 120, 190, 106, 253, 193, 209, 118,  75,  52,  22,  36, 112,
     46, 117, 232,  16, 160, 223,  74,  20,  66, 194, 122, 111, 245, 254, 213,   2,
    124, 113, 130, 238, 191, 184, 167,  28,  47,  48,  26, 169, 216, 136, 239,  17,
    147, 188, 228, 105, 230, 126, 168, 103,  30, 175,  72,  25,  29, 202, 165, 141,
     58,  40, 131, 134,  35, 170, 128, 233, 158, 234,  64, 199, 174, 115,   0, 153,
     12, 229, 242, 178, 129,  32,  88, 154,  44,  31,  61, 212,  57,  23, 101,   9,
     68, 246, 227, 200, 173,  97,   1, 243, 133, 144,  67, 123, 204,  62,  54,  50
]

# Comma-separated format:
142, 107, 195, 187, 214, 98, 27, 78, 183, 18, 8, 208, 222, 132, 248, 225, 198, 3, 4, 45, 114, 218, 244, 87, 86, 217, 163, 19, 156, 249, 11, 53, 149, 206, 49, 71, 192, 104, 60, 240, 63, 82, 255, 137, 220, 99, 116, 236, 140, 69, 247, 96, 76, 43, 161, 21, 197, 77, 90, 84, 207, 201, 15, 164, 151, 10, 5, 146, 41, 56, 65, 150, 34, 38, 119, 148, 24, 125, 135, 80, 215, 205, 186, 145, 180, 73, 181, 109, 177, 171, 219, 231, 95, 251, 221, 155, 85, 37, 91, 189, 55, 89, 7, 121, 33, 94, 143, 252, 210, 235, 159, 182, 185, 176, 83, 152, 237, 241, 13, 172, 138, 226, 224, 211, 110, 100, 102, 157, 196, 127, 14, 162, 139, 93, 42, 59, 250, 108, 203, 6, 79, 166, 81, 70, 179, 51, 39, 92, 120, 190, 106, 253, 193, 209, 118, 75, 52, 22, 36, 112, 46, 117, 232, 16, 160, 223, 74, 20, 66, 194, 122, 111, 245, 254, 213, 2, 124, 113, 130, 238, 191, 184, 167, 28, 47, 48, 26, 169, 216, 136, 239, 17, 147, 188, 228, 105, 230, 126, 168, 103, 30, 175, 72, 25, 29, 202, 165, 141, 58, 40, 131, 134, 35, 170, 128, 233, 158, 234, 64, 199, 174, 115, 0, 153, 12, 229, 242, 178, 129, 32, 88, 154, 44, 31, 61, 212, 57, 23, 101, 9, 68, 246, 227, 200, 173, 97, 1, 243, 133, 144, 67, 123, 204, 62, 54, 50
