# Final optimized S-box - THREAD-SAFE VERSION with Early Stopping
# Generated on: 2025-09-23T13:34:47.809
# Format: 16 values per line (256 total)

sbox = UInt8[
     16, 234, 171, 191, 231,  38,  10,  72, 173, 227, 180,  99,  93, 178,  11,  77,
      9, 250,  28, 224,  62, 100, 137,  36,  83, 187, 209, 230, 212,  95, 225, 114,
    110, 122,  87,   0,  98,  18,  23,  69, 216, 155,  15, 251, 147, 151, 241,  17,
    175,  91, 239, 197,  65,  81, 189, 141, 253,  66, 159,   5, 174, 139,  80, 232,
    168, 235,  70,  50,  40, 252,  67, 211, 219,   6, 217, 176, 157, 103, 210, 238,
     90, 186,   8,   1,  96,  71, 222,  85, 113,  29, 206, 248,  60,  94,  92, 233,
      4, 188, 220, 205,  47, 163, 146, 243,  52,  88, 208, 133,  13, 166, 124, 246,
     26, 108, 162, 185, 218,  31, 136, 244, 170, 145, 181, 240, 228,  27, 196, 183,
    101, 134, 195,  64, 142, 203,  53,  24, 167,   7, 242,  75, 214,  54, 255, 105,
     34, 153, 247, 229, 132, 115, 112, 150,  82, 200,  86,  57, 138, 135, 127,  20,
    128,  14,  37,  74,  55,  59,  76,  43, 121, 126, 160, 184, 237,  73,  32, 140,
     78, 236, 164, 193, 123, 144, 201, 192, 129, 143, 199, 161, 111,  97, 221, 125,
    172,  58, 102,  12,  89,  33, 107, 149,  51,   3, 152, 118,   2, 116,  41,  56,
     44,  84, 119,  49, 204, 249, 182,  42, 120,  25, 148,  35, 202, 158, 190,  46,
     48, 165, 156, 104, 213, 177, 131, 179, 207, 226,  30,  79, 194,  39, 117, 198,
     19, 154, 254, 169, 130, 109,  61,  68,  45, 106, 245, 215,  21, 223,  63,  22
]

# Comma-separated format:
16, 234, 171, 191, 231, 38, 10, 72, 173, 227, 180, 99, 93, 178, 11, 77, 9, 250, 28, 224, 62, 100, 137, 36, 83, 187, 209, 230, 212, 95, 225, 114, 110, 122, 87, 0, 98, 18, 23, 69, 216, 155, 15, 251, 147, 151, 241, 17, 175, 91, 239, 197, 65, 81, 189, 141, 253, 66, 159, 5, 174, 139, 80, 232, 168, 235, 70, 50, 40, 252, 67, 211, 219, 6, 217, 176, 157, 103, 210, 238, 90, 186, 8, 1, 96, 71, 222, 85, 113, 29, 206, 248, 60, 94, 92, 233, 4, 188, 220, 205, 47, 163, 146, 243, 52, 88, 208, 133, 13, 166, 124, 246, 26, 108, 162, 185, 218, 31, 136, 244, 170, 145, 181, 240, 228, 27, 196, 183, 101, 134, 195, 64, 142, 203, 53, 24, 167, 7, 242, 75, 214, 54, 255, 105, 34, 153, 247, 229, 132, 115, 112, 150, 82, 200, 86, 57, 138, 135, 127, 20, 128, 14, 37, 74, 55, 59, 76, 43, 121, 126, 160, 184, 237, 73, 32, 140, 78, 236, 164, 193, 123, 144, 201, 192, 129, 143, 199, 161, 111, 97, 221, 125, 172, 58, 102, 12, 89, 33, 107, 149, 51, 3, 152, 118, 2, 116, 41, 56, 44, 84, 119, 49, 204, 249, 182, 42, 120, 25, 148, 35, 202, 158, 190, 46, 48, 165, 156, 104, 213, 177, 131, 179, 207, 226, 30, 79, 194, 39, 117, 198, 19, 154, 254, 169, 130, 109, 61, 68, 45, 106, 245, 215, 21, 223, 63, 22
