# Final optimized S-box - THREAD-SAFE VERSION with Early Stopping
# Generated on: 2025-09-20T11:21:48.197
# Format: 16 values per line (256 total)

sbox = UInt8[
    105, 130, 214,   1,  76, 235,  21,  91,  93, 248, 151, 107,  84, 211, 203, 255,
    127,  55,  65,   0, 232, 216,  53, 207, 230, 112, 222,  59, 231, 123, 252,  10,
    223, 144, 122, 120,  41, 196, 241, 183, 135, 171,  71, 219,  51,  79,  52, 118,
    192,  60, 128, 213, 167,  14,  29,  30, 124,  77,  45,  27,  54, 185, 221, 186,
     92, 113, 193, 184, 205, 243,  58,  31, 149, 179, 129,  73,  22, 125, 152,   2,
    108,  16,  25,  96, 226,  32,   3,  69, 177, 201, 145, 136,  85, 200, 197,  98,
    168,  68, 165, 237,  44, 115,  87,  90, 215,  88,   9,  13, 250, 174,  94,  82,
     39,  18,  67, 159, 220, 142,  75, 224, 117, 100, 251, 110,  89, 166, 132, 163,
    114, 133, 164,  38,  86, 195, 254, 238,  35,  17, 141, 208,  78,  70, 147, 228,
    138, 217,   8,   7, 109, 162, 169, 188, 173, 148, 210,  24,  97, 178, 202, 111,
     47,  26, 155,  12, 239, 236, 116,  11,  57, 182, 180,  83, 253, 102,  56,  64,
    131, 206, 158, 143, 176, 233, 229, 139,  20, 249, 209, 234,  81, 137, 150,  36,
      5, 225,  19,  15, 170, 119, 156, 101, 191, 198,  28,  63, 246,  23, 247, 103,
    218, 161, 190, 121, 140, 242, 146, 212,  66, 104,  50,  43, 227, 240, 204, 245,
     80,   6, 126,  48, 134,  40,  74, 194, 187, 172, 160, 244,  49,  95, 157,   4,
     34,  72,  61, 154,  37, 181, 199,  46, 175,  62, 106,  33,  42, 153,  99, 189
]

# Comma-separated format:
105, 130, 214, 1, 76, 235, 21, 91, 93, 248, 151, 107, 84, 211, 203, 255, 127, 55, 65, 0, 232, 216, 53, 207, 230, 112, 222, 59, 231, 123, 252, 10, 223, 144, 122, 120, 41, 196, 241, 183, 135, 171, 71, 219, 51, 79, 52, 118, 192, 60, 128, 213, 167, 14, 29, 30, 124, 77, 45, 27, 54, 185, 221, 186, 92, 113, 193, 184, 205, 243, 58, 31, 149, 179, 129, 73, 22, 125, 152, 2, 108, 16, 25, 96, 226, 32, 3, 69, 177, 201, 145, 136, 85, 200, 197, 98, 168, 68, 165, 237, 44, 115, 87, 90, 215, 88, 9, 13, 250, 174, 94, 82, 39, 18, 67, 159, 220, 142, 75, 224, 117, 100, 251, 110, 89, 166, 132, 163, 114, 133, 164, 38, 86, 195, 254, 238, 35, 17, 141, 208, 78, 70, 147, 228, 138, 217, 8, 7, 109, 162, 169, 188, 173, 148, 210, 24, 97, 178, 202, 111, 47, 26, 155, 12, 239, 236, 116, 11, 57, 182, 180, 83, 253, 102, 56, 64, 131, 206, 158, 143, 176, 233, 229, 139, 20, 249, 209, 234, 81, 137, 150, 36, 5, 225, 19, 15, 170, 119, 156, 101, 191, 198, 28, 63, 246, 23, 247, 103, 218, 161, 190, 121, 140, 242, 146, 212, 66, 104, 50, 43, 227, 240, 204, 245, 80, 6, 126, 48, 134, 40, 74, 194, 187, 172, 160, 244, 49, 95, 157, 4, 34, 72, 61, 154, 37, 181, 199, 46, 175, 62, 106, 33, 42, 153, 99, 189
