# Final optimized S-box - THREAD-SAFE VERSION with Early Stopping
# Generated on: 2025-09-12T01:47:41.954
# Format: 16 values per line (256 total)

sbox = UInt8[
    142, 107, 195, 179, 214,  98, 232,  78,  50,  18, 190,  39, 222, 132, 248, 225,
    166,   3,   4,  45, 114,  41, 244, 135, 171, 217, 148, 155, 154, 249,  11,  44,
     35,  49, 227, 202, 180,  93, 116, 240,  85,  82,  52, 137, 220, 167, 100,  65,
    140,  69, 247,  96,  76,  43, 161, 181, 151,  77,  90, 192, 207, 201,  15, 164,
    131,  10,   0, 146, 208,  53, 124, 109,  34,  56,  87, 163,  24, 125, 119,  80,
    178, 205, 255,  64, 186,  75,  68, 210,  61, 212, 219, 183,  95, 141, 252, 122,
     23,  37,  91, 189,  55,  89, 206, 121,  33,  94, 143, 111,  16, 200, 159, 182,
    102, 108,  86, 152,  28, 105,  13,  17, 138, 230, 115,  72, 110, 229, 160, 157,
    196, 127,  14,  29, 175, 234,  42,  59, 209, 231, 203,  38,  79, 226,  63,  70,
    243, 176,   6,  92, 120, 191, 106, 187, 193, 117, 126,  99, 174,  22,  36, 112,
    158, 239, 172, 150,  31, 130,  74,  20,  66, 170,  19, 221, 149, 118,   2, 134,
      7, 113, 223, 238, 156, 184, 245, 104,  47,  48,  26, 169, 216, 136, 235,  27,
    147, 188, 228, 241, 233, 211, 168, 103,  30, 139, 253,  25, 162,  71, 165, 218,
      1,  40, 197, 213,  73, 194, 128, 198,  46,  67,   5, 251, 153, 224, 185, 199,
     12,  51, 242, 246, 129,  32,  88, 236,  83, 237, 177,  84,  57,  81, 101,   9,
    254,  60, 145, 215, 173,  97,  58, 123, 133, 144, 250,  21, 204,  62,  54,   8
]

# Comma-separated format:
142, 107, 195, 179, 214, 98, 232, 78, 50, 18, 190, 39, 222, 132, 248, 225, 166, 3, 4, 45, 114, 41, 244, 135, 171, 217, 148, 155, 154, 249, 11, 44, 35, 49, 227, 202, 180, 93, 116, 240, 85, 82, 52, 137, 220, 167, 100, 65, 140, 69, 247, 96, 76, 43, 161, 181, 151, 77, 90, 192, 207, 201, 15, 164, 131, 10, 0, 146, 208, 53, 124, 109, 34, 56, 87, 163, 24, 125, 119, 80, 178, 205, 255, 64, 186, 75, 68, 210, 61, 212, 219, 183, 95, 141, 252, 122, 23, 37, 91, 189, 55, 89, 206, 121, 33, 94, 143, 111, 16, 200, 159, 182, 102, 108, 86, 152, 28, 105, 13, 17, 138, 230, 115, 72, 110, 229, 160, 157, 196, 127, 14, 29, 175, 234, 42, 59, 209, 231, 203, 38, 79, 226, 63, 70, 243, 176, 6, 92, 120, 191, 106, 187, 193, 117, 126, 99, 174, 22, 36, 112, 158, 239, 172, 150, 31, 130, 74, 20, 66, 170, 19, 221, 149, 118, 2, 134, 7, 113, 223, 238, 156, 184, 245, 104, 47, 48, 26, 169, 216, 136, 235, 27, 147, 188, 228, 241, 233, 211, 168, 103, 30, 139, 253, 25, 162, 71, 165, 218, 1, 40, 197, 213, 73, 194, 128, 198, 46, 67, 5, 251, 153, 224, 185, 199, 12, 51, 242, 246, 129, 32, 88, 236, 83, 237, 177, 84, 57, 81, 101, 9, 254, 60, 145, 215, 173, 97, 58, 123, 133, 144, 250, 21, 204, 62, 54, 8
