# Final optimized S-box - THREAD-SAFE VERSION with Early Stopping
# Generated on: 2025-09-11T19:01:37.973
# Format: 16 values per line (256 total)

sbox = UInt8[
    142, 127, 139, 243, 179,  98,  27,  78,  15,  23,   8, 208, 222, 132, 248, 225,
    166, 181, 169, 249, 114, 174, 244,  87,  83, 108, 163,  19, 154, 117,  11,  47,
    141,  49,  80, 195, 192,  93, 116, 240,  85,  82,  96,   3, 220, 167, 100,  61,
    140, 153, 171,  51,  76,  43, 161,  21, 151,  77,  90,  84, 207, 201, 146,  52,
     34,  10,   0, 203,   9,  24,  65, 109, 130,  38,  70, 148,  53, 125, 158,  57,
    178, 205, 177,  64, 186,  73, 187, 213, 255, 214, 219, 119,  95,  60, 252, 122,
     45,  37,  91, 189, 182,  89,   7, 121,  33,  94, 143, 111, 210, 149, 159,  55,
    102, 217,  86, 152, 160, 105,  13,  18, 218, 230, 224, 211, 110,   4, 185, 157,
    196,  41,  14, 199, 175, 234,  42,  59, 209, 246, 183,   6,  79, 226,  63, 231,
    135, 190,  39, 164, 120, 200, 106, 134, 193, 138, 155,  99,  56,  22,  36, 112,
    156, 239, 172, 126,  31, 223,  74,  20,  66, 250,  16, 221, 245, 118,   2,  92,
    124, 113, 131, 247, 191, 184,  75,  28,  44,  48,  26, 150, 216, 136, 238, 180,
    147, 188, 228, 241, 233,  68, 168, 103,  30,  71,  72,  25,  29, 202, 165, 235,
      1,  40, 197, 137,  35, 176, 128, 198,  46,  67,   5, 251,  69, 115, 104, 206,
     12, 229, 242, 170, 129,  32,  88, 236, 232, 237, 212, 253, 145,  81, 101, 107,
    254, 162, 227, 215, 173,  97,  58,  17, 133, 144, 194, 123, 204,  62,  54,  50
]

# Comma-separated format:
142, 127, 139, 243, 179, 98, 27, 78, 15, 23, 8, 208, 222, 132, 248, 225, 166, 181, 169, 249, 114, 174, 244, 87, 83, 108, 163, 19, 154, 117, 11, 47, 141, 49, 80, 195, 192, 93, 116, 240, 85, 82, 96, 3, 220, 167, 100, 61, 140, 153, 171, 51, 76, 43, 161, 21, 151, 77, 90, 84, 207, 201, 146, 52, 34, 10, 0, 203, 9, 24, 65, 109, 130, 38, 70, 148, 53, 125, 158, 57, 178, 205, 177, 64, 186, 73, 187, 213, 255, 214, 219, 119, 95, 60, 252, 122, 45, 37, 91, 189, 182, 89, 7, 121, 33, 94, 143, 111, 210, 149, 159, 55, 102, 217, 86, 152, 160, 105, 13, 18, 218, 230, 224, 211, 110, 4, 185, 157, 196, 41, 14, 199, 175, 234, 42, 59, 209, 246, 183, 6, 79, 226, 63, 231, 135, 190, 39, 164, 120, 200, 106, 134, 193, 138, 155, 99, 56, 22, 36, 112, 156, 239, 172, 126, 31, 223, 74, 20, 66, 250, 16, 221, 245, 118, 2, 92, 124, 113, 131, 247, 191, 184, 75, 28, 44, 48, 26, 150, 216, 136, 238, 180, 147, 188, 228, 241, 233, 68, 168, 103, 30, 71, 72, 25, 29, 202, 165, 235, 1, 40, 197, 137, 35, 176, 128, 198, 46, 67, 5, 251, 69, 115, 104, 206, 12, 229, 242, 170, 129, 32, 88, 236, 232, 237, 212, 253, 145, 81, 101, 107, 254, 162, 227, 215, 173, 97, 58, 17, 133, 144, 194, 123, 204, 62, 54, 50
