# Final optimized S-box - THREAD-SAFE VERSION with Early Stopping
# Generated on: 2025-09-20T11:50:10.291
# Format: 16 values per line (256 total)

sbox = UInt8[
    127, 130,  18, 233,  26, 235,  21, 157,  46, 248, 151,  44,  84, 211, 129, 255,
    169,  55, 174,   0,   9, 216,  53, 207, 230, 112, 222,  59, 231,  61, 252,  40,
     79,  34, 122, 120,  41, 196, 143, 118, 203, 171,  71,  13,  51, 239,  52,  81,
    192,  60, 224, 213, 180,  14,  29,  30, 124, 173,  45, 168,  54, 185, 247,  20,
     92, 144,  99, 184, 205, 243,  12,  31, 149, 179, 241,  73,  22, 223, 212,   2,
    108,  16, 107,  96, 226,  32,   3,  85, 177, 201, 188, 170,  67, 232,  28,  98,
    128, 246, 165, 237,  25, 115,  87,  11, 215,  88, 200,   7, 250, 137,  94,  82,
    136, 227, 199,  57,  68, 142,  74,  63, 117, 100, 251, 219,  89, 166, 132, 163,
    114,  69, 164,  38,  86, 195, 254, 218,  35,  70,  77, 208,  78,  17, 214, 228,
    249, 217,  58, 186,  80, 162, 105,  97, 148,  76, 210,  24, 135, 176, 202, 111,
     47,   8, 155, 198, 125, 236, 116,  72, 191, 182, 189,  95, 253, 102,  56,  64,
    131, 206, 159, 145,  39,   1, 229, 147, 178, 138, 209, 234, 183, 172, 150,  36,
     10, 225,  19,  15, 110, 119, 152, 101, 158, 113, 139,  91, 220,  23, 123, 103,
    221, 161, 190, 121, 140, 242, 146, 156,  66, 104,  50,  43, 197, 240, 204, 245,
      6, 109, 126,  48, 134,   5,  75, 194, 187,  65, 160, 244,  49,  27, 153,   4,
    141,  90, 238, 154,  37, 181, 133,  93, 175,  62, 106,  33,  42,  83, 193, 167
]

# Comma-separated format:
127, 130, 18, 233, 26, 235, 21, 157, 46, 248, 151, 44, 84, 211, 129, 255, 169, 55, 174, 0, 9, 216, 53, 207, 230, 112, 222, 59, 231, 61, 252, 40, 79, 34, 122, 120, 41, 196, 143, 118, 203, 171, 71, 13, 51, 239, 52, 81, 192, 60, 224, 213, 180, 14, 29, 30, 124, 173, 45, 168, 54, 185, 247, 20, 92, 144, 99, 184, 205, 243, 12, 31, 149, 179, 241, 73, 22, 223, 212, 2, 108, 16, 107, 96, 226, 32, 3, 85, 177, 201, 188, 170, 67, 232, 28, 98, 128, 246, 165, 237, 25, 115, 87, 11, 215, 88, 200, 7, 250, 137, 94, 82, 136, 227, 199, 57, 68, 142, 74, 63, 117, 100, 251, 219, 89, 166, 132, 163, 114, 69, 164, 38, 86, 195, 254, 218, 35, 70, 77, 208, 78, 17, 214, 228, 249, 217, 58, 186, 80, 162, 105, 97, 148, 76, 210, 24, 135, 176, 202, 111, 47, 8, 155, 198, 125, 236, 116, 72, 191, 182, 189, 95, 253, 102, 56, 64, 131, 206, 159, 145, 39, 1, 229, 147, 178, 138, 209, 234, 183, 172, 150, 36, 10, 225, 19, 15, 110, 119, 152, 101, 158, 113, 139, 91, 220, 23, 123, 103, 221, 161, 190, 121, 140, 242, 146, 156, 66, 104, 50, 43, 197, 240, 204, 245, 6, 109, 126, 48, 134, 5, 75, 194, 187, 65, 160, 244, 49, 27, 153, 4, 141, 90, 238, 154, 37, 181, 133, 93, 175, 62, 106, 33, 42, 83, 193, 167
