# Final optimized S-box - THREAD-SAFE VERSION with Early Stopping
# Generated on: 2025-09-15T21:06:36.130
# Format: 16 values per line (256 total)

sbox = UInt8[
    142, 107, 233, 243, 106,  98, 214,  78, 183,  37,   8,  54, 228, 132, 218, 225,
    166,   3,   4,  45, 216, 174, 226,  32,  83, 110,  92,  19,  42, 249, 199,  44,
    202,  49, 195,  71, 192,  93, 116, 240, 213,  85, 180, 137, 186, 167, 100, 156,
    140,   7, 109,  96,  76,  43, 161,  21, 151,  77,  90,  84, 191, 201,  15,  20,
    163, 154,   0, 146, 200,  60,  65, 248,  34, 123, 119, 148,  24, 125, 135,  80,
    178, 182, 255,  64,  25,  73, 149, 237, 139, 212, 219, 231,  95, 102, 252, 122,
     23,  18, 253, 189,  55,  89,  69, 121,  33,  94, 143, 111, 210, 235, 159, 205,
    145, 108,  86, 152, 160, 105,  13, 232, 138, 230,  50, 211, 217,  99, 207, 157,
    196, 127, 153,   5, 175, 234,  14,  59, 209,  70, 203,   6,  79, 236,  63, 239,
    179, 176,  39, 131, 120, 185,  11, 229, 193, 206, 126, 136,  56,  22, 164, 112,
    158,  27, 172,  16,  31, 223,  74, 113,  67, 250, 155, 221, 245, 118,   2, 134,
    124, 247, 130, 238, 222, 184,  75,  28,  47,  48,  26, 114, 169,  58, 117, 177,
    194, 188,  41, 241, 147,  68, 168, 103,  30, 220, 227,  17,  29, 187, 165, 141,
      1,  40, 197,  82, 224, 170, 128, 242,  46,  38, 173, 251,  10, 115, 104, 246,
    190,  91, 198,  36, 129,  62,  88, 244,  97, 150,  61,  52,  57,  81, 101,   9,
    254, 208,  72, 215,  51, 171, 162, 181, 133, 144,  12,  66, 204,  87,  53,  35
]

# Comma-separated format:
142, 107, 233, 243, 106, 98, 214, 78, 183, 37, 8, 54, 228, 132, 218, 225, 166, 3, 4, 45, 216, 174, 226, 32, 83, 110, 92, 19, 42, 249, 199, 44, 202, 49, 195, 71, 192, 93, 116, 240, 213, 85, 180, 137, 186, 167, 100, 156, 140, 7, 109, 96, 76, 43, 161, 21, 151, 77, 90, 84, 191, 201, 15, 20, 163, 154, 0, 146, 200, 60, 65, 248, 34, 123, 119, 148, 24, 125, 135, 80, 178, 182, 255, 64, 25, 73, 149, 237, 139, 212, 219, 231, 95, 102, 252, 122, 23, 18, 253, 189, 55, 89, 69, 121, 33, 94, 143, 111, 210, 235, 159, 205, 145, 108, 86, 152, 160, 105, 13, 232, 138, 230, 50, 211, 217, 99, 207, 157, 196, 127, 153, 5, 175, 234, 14, 59, 209, 70, 203, 6, 79, 236, 63, 239, 179, 176, 39, 131, 120, 185, 11, 229, 193, 206, 126, 136, 56, 22, 164, 112, 158, 27, 172, 16, 31, 223, 74, 113, 67, 250, 155, 221, 245, 118, 2, 134, 124, 247, 130, 238, 222, 184, 75, 28, 47, 48, 26, 114, 169, 58, 117, 177, 194, 188, 41, 241, 147, 68, 168, 103, 30, 220, 227, 17, 29, 187, 165, 141, 1, 40, 197, 82, 224, 170, 128, 242, 46, 38, 173, 251, 10, 115, 104, 246, 190, 91, 198, 36, 129, 62, 88, 244, 97, 150, 61, 52, 57, 81, 101, 9, 254, 208, 72, 215, 51, 171, 162, 181, 133, 144, 12, 66, 204, 87, 53, 35
