# Final optimized S-box - THREAD-SAFE VERSION with Early Stopping
# Generated on: 2025-09-08T21:54:21.652
# Format: 16 values per line (256 total)

sbox = UInt8[
    142, 107, 195, 243, 214,  98,  90,  78, 183, 182,   8, 208, 222, 132, 248, 225,
    166,  41, 217,  45, 178, 174, 196, 211,  83,   4, 163,  19, 154,  17, 103,  44,
    149, 170, 145, 193,  59,  93, 116, 130,  85, 120, 180, 137, 220, 167, 100,  51,
    140,  69, 247,  36,  76,  11, 161, 210, 151,  77, 156,  84, 207, 201,  15, 164,
    131,  10,  96,  27,  35,  53,  65, 109,  34,  38, 119, 148,  87,  99, 135,  80,
    136, 205, 237,  64, 186,  73, 229, 150, 177, 212, 219, 231,  95, 146, 252,  18,
     23,  37,  91, 189,  55,  89,   7, 121,  33,  94, 143, 111, 228, 235, 255, 246,
    102, 108,  86, 152, 106, 105, 244, 232, 138,  28, 224, 242, 110, 249, 185, 157,
     13, 127,  14, 125,  39, 234,  42, 122, 209, 192, 203,   6,  79, 226,  63,  52,
    179, 176, 184,  92,  66, 200, 223, 253,  71, 173, 126,  82, 230,  22,   0, 112,
    158, 239, 172,  16,  31, 160,  74,  20, 114, 250, 155, 221, 245, 118,   2, 134,
    124, 113, 181, 238, 191, 175,  75,  56,  47,  48,  26, 169, 216, 162, 117, 199,
    147, 188,  21, 241, 233,  68, 168,  43,  30, 115,  72,  25,  29, 202, 165, 206,
      1,  40, 197, 213,   3, 104, 128, 198,  46,  67,   5, 251, 153, 139,  49, 218,
     12, 187,  24, 190, 129,  32,  88, 236, 171, 159,  61,  70,  57,  81, 215,   9,
    254,  60, 227, 101, 141,  97,  58, 240, 133, 144, 194, 123, 204,  62,  54,  50
]

# Comma-separated format:
142, 107, 195, 243, 214, 98, 90, 78, 183, 182, 8, 208, 222, 132, 248, 225, 166, 41, 217, 45, 178, 174, 196, 211, 83, 4, 163, 19, 154, 17, 103, 44, 149, 170, 145, 193, 59, 93, 116, 130, 85, 120, 180, 137, 220, 167, 100, 51, 140, 69, 247, 36, 76, 11, 161, 210, 151, 77, 156, 84, 207, 201, 15, 164, 131, 10, 96, 27, 35, 53, 65, 109, 34, 38, 119, 148, 87, 99, 135, 80, 136, 205, 237, 64, 186, 73, 229, 150, 177, 212, 219, 231, 95, 146, 252, 18, 23, 37, 91, 189, 55, 89, 7, 121, 33, 94, 143, 111, 228, 235, 255, 246, 102, 108, 86, 152, 106, 105, 244, 232, 138, 28, 224, 242, 110, 249, 185, 157, 13, 127, 14, 125, 39, 234, 42, 122, 209, 192, 203, 6, 79, 226, 63, 52, 179, 176, 184, 92, 66, 200, 223, 253, 71, 173, 126, 82, 230, 22, 0, 112, 158, 239, 172, 16, 31, 160, 74, 20, 114, 250, 155, 221, 245, 118, 2, 134, 124, 113, 181, 238, 191, 175, 75, 56, 47, 48, 26, 169, 216, 162, 117, 199, 147, 188, 21, 241, 233, 68, 168, 43, 30, 115, 72, 25, 29, 202, 165, 206, 1, 40, 197, 213, 3, 104, 128, 198, 46, 67, 5, 251, 153, 139, 49, 218, 12, 187, 24, 190, 129, 32, 88, 236, 171, 159, 61, 70, 57, 81, 215, 9, 254, 60, 227, 101, 141, 97, 58, 240, 133, 144, 194, 123, 204, 62, 54, 50
