# Final optimized S-box - THREAD-SAFE VERSION with Early Stopping
# Generated on: 2025-09-17T16:05:09.657
# Format: 16 values per line (256 total)

sbox = UInt8[
    167, 130, 214,   1,  26, 235,  17, 153,  46, 248, 151,  44,  15, 211, 203, 223,
     18,  55, 174,   0,  64, 238,  53,  84, 230, 112, 222, 115, 231, 221, 252,  40,
     79,  34, 122, 120,  41, 196, 143, 247, 188, 171,  71, 200,  51, 239,  52,  21,
    192,  60, 224, 213, 189,  14,  29,  30, 124, 173,  45,  27, 182, 185, 155, 186,
     92, 113,  99, 184, 205, 243,  12,  31, 149, 179, 129,  73, 137, 191, 212,   2,
    108,  16, 107,  96, 226,  32,   3,  69, 177, 201, 145,   7,  85, 164,  28,  42,
    128, 147, 104, 237,  25, 251,  87,  90, 215,  88,   9,  13, 250, 172,  94,  82,
     39, 197,  67,  57, 220, 139,  74, 168, 117, 100,  59, 219,  89, 183, 142, 163,
    114, 133, 170,  38,  86, 241, 254,  61,  35,  70,  77, 208,  78, 118, 127, 228,
    138, 217,  54, 136, 109, 162, 169,  97, 216,  22, 210, 166, 135, 176, 202, 119,
     47,   8,  24, 144, 125, 236, 116,  11, 255,  58, 180,  83, 253, 102,  56, 194,
    131, 206, 159, 152,  20, 233,  23, 195,  76, 249, 209,  68,  81, 148, 150,  36,
     10, 225,  19, 207, 110, 101, 190, 111, 158, 198, 132,  63,  80, 242, 123, 178,
    218, 161, 234, 121, 140, 229, 146, 156,  66, 165,  50,  43, 227, 240, 204, 245,
    246,   6, 126,  48, 134,   5,  75, 232, 187,  65, 160, 244,  49,  95, 157,   4,
    103,  72, 141, 154,  37, 181, 199,  93, 175,  62,  98,  33, 106,  91, 193, 105
]

# Comma-separated format:
167, 130, 214, 1, 26, 235, 17, 153, 46, 248, 151, 44, 15, 211, 203, 223, 18, 55, 174, 0, 64, 238, 53, 84, 230, 112, 222, 115, 231, 221, 252, 40, 79, 34, 122, 120, 41, 196, 143, 247, 188, 171, 71, 200, 51, 239, 52, 21, 192, 60, 224, 213, 189, 14, 29, 30, 124, 173, 45, 27, 182, 185, 155, 186, 92, 113, 99, 184, 205, 243, 12, 31, 149, 179, 129, 73, 137, 191, 212, 2, 108, 16, 107, 96, 226, 32, 3, 69, 177, 201, 145, 7, 85, 164, 28, 42, 128, 147, 104, 237, 25, 251, 87, 90, 215, 88, 9, 13, 250, 172, 94, 82, 39, 197, 67, 57, 220, 139, 74, 168, 117, 100, 59, 219, 89, 183, 142, 163, 114, 133, 170, 38, 86, 241, 254, 61, 35, 70, 77, 208, 78, 118, 127, 228, 138, 217, 54, 136, 109, 162, 169, 97, 216, 22, 210, 166, 135, 176, 202, 119, 47, 8, 24, 144, 125, 236, 116, 11, 255, 58, 180, 83, 253, 102, 56, 194, 131, 206, 159, 152, 20, 233, 23, 195, 76, 249, 209, 68, 81, 148, 150, 36, 10, 225, 19, 207, 110, 101, 190, 111, 158, 198, 132, 63, 80, 242, 123, 178, 218, 161, 234, 121, 140, 229, 146, 156, 66, 165, 50, 43, 227, 240, 204, 245, 246, 6, 126, 48, 134, 5, 75, 232, 187, 65, 160, 244, 49, 95, 157, 4, 103, 72, 141, 154, 37, 181, 199, 93, 175, 62, 98, 33, 106, 91, 193, 105
