# Final optimized S-box - THREAD-SAFE VERSION with Early Stopping
# Generated on: 2025-09-17T05:41:35.655
# Format: 16 values per line (256 total)

sbox = UInt8[
    197, 236,   3, 241,  24, 113,  22, 227,   5,   7, 125,  51, 148,  10,  43, 201,
    174,  11,  97,  60, 143,  20, 102,  18,   6,  25,  38,  12, 142,  21, 126,  92,
     17,  41, 181, 230, 167, 231,  96, 121,  29, 110,  42,  40, 156,  36, 221, 123,
    134, 205,  63,  56, 252,  53,  16, 106, 145, 217,  28, 255, 212, 216, 130,  31,
     95, 222,  67, 157,  54, 149, 254, 122,  98,  82, 196,  37, 184, 229, 108, 199,
    235,  48,  64, 114, 165,  85,   9,  57, 207, 243, 246,  13, 144,  44,  71, 166,
    249, 159, 250, 186,  74, 175, 182, 240,  70, 203, 104, 204, 161, 163,  39,  78,
    245, 164, 169, 120,  87, 192, 180, 146, 117, 206, 119, 168, 183,  27,  90, 214,
     84, 158, 202, 101, 100, 193,  15, 128,  79,  72, 187,  34, 176, 129, 173, 152,
    226,  93, 251, 244,  89, 109, 239, 136, 138,  94,  23,  77,   0,  50,  80,  14,
     59, 234, 150,  47,  68, 133, 105, 210, 242, 232, 171, 132, 115,  76,  88,  26,
     65, 223, 111, 135, 131, 160, 137, 151,  32,  45, 118, 194,  19,  69,  30, 200,
    124, 213, 247, 107, 116,  52, 190, 141, 177,  61,  73, 153, 172,  46, 112, 188,
    170,   8, 237, 185, 154, 208,  81, 228, 147, 238, 218, 224, 211, 195,  62, 219,
    220, 248, 225,   4,  35, 198,  33,  58, 215, 233, 189, 191,  91,   2, 162, 139,
     99,  86, 155, 140,  55,  66,  49,   1, 209, 179, 178, 127,  83, 253, 103,  75
]

# Comma-separated format:
197, 236, 3, 241, 24, 113, 22, 227, 5, 7, 125, 51, 148, 10, 43, 201, 174, 11, 97, 60, 143, 20, 102, 18, 6, 25, 38, 12, 142, 21, 126, 92, 17, 41, 181, 230, 167, 231, 96, 121, 29, 110, 42, 40, 156, 36, 221, 123, 134, 205, 63, 56, 252, 53, 16, 106, 145, 217, 28, 255, 212, 216, 130, 31, 95, 222, 67, 157, 54, 149, 254, 122, 98, 82, 196, 37, 184, 229, 108, 199, 235, 48, 64, 114, 165, 85, 9, 57, 207, 243, 246, 13, 144, 44, 71, 166, 249, 159, 250, 186, 74, 175, 182, 240, 70, 203, 104, 204, 161, 163, 39, 78, 245, 164, 169, 120, 87, 192, 180, 146, 117, 206, 119, 168, 183, 27, 90, 214, 84, 158, 202, 101, 100, 193, 15, 128, 79, 72, 187, 34, 176, 129, 173, 152, 226, 93, 251, 244, 89, 109, 239, 136, 138, 94, 23, 77, 0, 50, 80, 14, 59, 234, 150, 47, 68, 133, 105, 210, 242, 232, 171, 132, 115, 76, 88, 26, 65, 223, 111, 135, 131, 160, 137, 151, 32, 45, 118, 194, 19, 69, 30, 200, 124, 213, 247, 107, 116, 52, 190, 141, 177, 61, 73, 153, 172, 46, 112, 188, 170, 8, 237, 185, 154, 208, 81, 228, 147, 238, 218, 224, 211, 195, 62, 219, 220, 248, 225, 4, 35, 198, 33, 58, 215, 233, 189, 191, 91, 2, 162, 139, 99, 86, 155, 140, 55, 66, 49, 1, 209, 179, 178, 127, 83, 253, 103, 75
