# Final optimized S-box - THREAD-SAFE VERSION with Early Stopping
# Generated on: 2025-09-21T15:13:24.339
# Format: 16 values per line (256 total)

sbox = UInt8[
    115, 234,  23,  97, 206,  38,  45, 240, 161, 227, 116,  88,  93, 152, 210, 141,
      9, 250,  51,  35,  62, 185, 137,  36, 196, 187, 209,  21, 151, 130,  60, 114,
     33, 199,  87,   0,  98,  59, 208,  69, 216, 155,  15, 200, 147, 173,  18,  17,
    131,  91, 239, 197,  37,  81, 189, 143, 253,  66, 241, 211,  92, 139,  80, 146,
    168, 226,  70,  50,  40, 252,  67,  46, 201,   6, 217, 176, 157, 103,  63, 238,
     90, 186,   8, 213,  96,  71,  11,  28, 113,  26, 123, 248,  30, 220, 174, 233,
    175, 231, 223, 205,  57, 163, 180, 243, 110, 225, 219, 133, 156,  39, 124, 246,
     72, 108, 162, 166, 254,  31,  65,  48, 170, 122, 159, 179, 228,  25,  83,   4,
    109, 134, 195,  64,  22, 203,  53,  24,  10, 224, 194,  27, 214, 140, 255, 105,
     34, 153, 247, 229, 145, 102, 112, 150,  82, 106,  86,  99, 138, 135, 127,  20,
    128,  14, 144,  74,  55, 232,  19,  43, 121, 126, 207, 188,  16,  73,  77,  54,
     78, 236, 164, 136,  95, 129, 171, 192,   5, 132,  32, 165, 111,  79, 120, 125,
    172,  58, 237, 181, 178,  12, 107, 149,  85, 222, 221, 118,   2, 100,  41,  56,
    193,  84, 119,  49, 251, 249, 182,  42,   3,  29, 154, 242, 198, 158, 190,  89,
    160,  47, 212, 104,   1, 177, 245,  44, 218, 244,  75, 191,   7, 204, 117, 202,
     76, 148, 215, 167, 184, 183,  61,  68, 169,  52, 101, 142,  94, 230, 235,  13
]

# Comma-separated format:
115, 234, 23, 97, 206, 38, 45, 240, 161, 227, 116, 88, 93, 152, 210, 141, 9, 250, 51, 35, 62, 185, 137, 36, 196, 187, 209, 21, 151, 130, 60, 114, 33, 199, 87, 0, 98, 59, 208, 69, 216, 155, 15, 200, 147, 173, 18, 17, 131, 91, 239, 197, 37, 81, 189, 143, 253, 66, 241, 211, 92, 139, 80, 146, 168, 226, 70, 50, 40, 252, 67, 46, 201, 6, 217, 176, 157, 103, 63, 238, 90, 186, 8, 213, 96, 71, 11, 28, 113, 26, 123, 248, 30, 220, 174, 233, 175, 231, 223, 205, 57, 163, 180, 243, 110, 225, 219, 133, 156, 39, 124, 246, 72, 108, 162, 166, 254, 31, 65, 48, 170, 122, 159, 179, 228, 25, 83, 4, 109, 134, 195, 64, 22, 203, 53, 24, 10, 224, 194, 27, 214, 140, 255, 105, 34, 153, 247, 229, 145, 102, 112, 150, 82, 106, 86, 99, 138, 135, 127, 20, 128, 14, 144, 74, 55, 232, 19, 43, 121, 126, 207, 188, 16, 73, 77, 54, 78, 236, 164, 136, 95, 129, 171, 192, 5, 132, 32, 165, 111, 79, 120, 125, 172, 58, 237, 181, 178, 12, 107, 149, 85, 222, 221, 118, 2, 100, 41, 56, 193, 84, 119, 49, 251, 249, 182, 42, 3, 29, 154, 242, 198, 158, 190, 89, 160, 47, 212, 104, 1, 177, 245, 44, 218, 244, 75, 191, 7, 204, 117, 202, 76, 148, 215, 167, 184, 183, 61, 68, 169, 52, 101, 142, 94, 230, 235, 13
