# Final optimized S-box - THREAD-SAFE VERSION with Early Stopping
# Generated on: 2025-09-20T01:21:20.957
# Format: 16 values per line (256 total)

sbox = UInt8[
    142, 107, 199, 243, 214,  98,  27,  78, 183, 217,   8, 208, 223, 132, 248, 225,
    166,   3,   4,  45, 216,  40, 244, 195,  83, 131, 247,  19, 154, 153,  25,  44,
    149,  49, 145,  71,   0,  94, 116, 240,  85,  54,  20, 137, 186, 108, 100,  69,
    140,  63, 109, 138,  76,  43, 128,  21, 151,  77,  90,  84, 191,  36,  15, 162,
    133,  10, 125, 146, 207,  53,  65, 213, 245,  67, 119, 148, 239, 113, 135,  80,
     28, 163, 255,  64, 177,  73, 187, 150, 104, 212, 219, 231,  95, 233,  24, 122,
     23,  18,  91, 189,  55,  89,   7, 121,  33,  46, 143, 120, 210, 235, 159, 182,
    102, 167,  86, 152, 160, 105,  13, 249, 126, 230, 224, 211, 110,  51, 185, 157,
    221, 127,  14,  38, 175, 234,  42,  59, 209, 246,  87, 176, 222, 226, 156,  70,
    179,  79,  39,  92, 111, 236, 106, 253, 193, 206,  68,  99,  56,  22, 201, 112,
    158, 252,  37,  16,  31,   6,  74, 180,  66, 250, 155, 200,  11, 118,   2, 134,
    124,  60, 130, 238, 192,  75, 184, 178,  47,  48,  26, 114, 169, 136, 117,  17,
    147, 188, 228, 241, 254,  96, 168, 103,  30, 139,  50,  34,  29, 202, 165, 141,
      1, 174, 197, 205,  35, 170, 161, 198,  93, 164,   5, 251, 232, 115, 220, 218,
     12, 229, 242, 190, 129,  32,  88,  41, 171, 237,  61,  52,  57,  81, 101,   9,
    196, 203, 227, 215, 173,  97,  58, 181, 172, 144, 194, 123, 204,  62,  82,  72
]

# Comma-separated format:
142, 107, 199, 243, 214, 98, 27, 78, 183, 217, 8, 208, 223, 132, 248, 225, 166, 3, 4, 45, 216, 40, 244, 195, 83, 131, 247, 19, 154, 153, 25, 44, 149, 49, 145, 71, 0, 94, 116, 240, 85, 54, 20, 137, 186, 108, 100, 69, 140, 63, 109, 138, 76, 43, 128, 21, 151, 77, 90, 84, 191, 36, 15, 162, 133, 10, 125, 146, 207, 53, 65, 213, 245, 67, 119, 148, 239, 113, 135, 80, 28, 163, 255, 64, 177, 73, 187, 150, 104, 212, 219, 231, 95, 233, 24, 122, 23, 18, 91, 189, 55, 89, 7, 121, 33, 46, 143, 120, 210, 235, 159, 182, 102, 167, 86, 152, 160, 105, 13, 249, 126, 230, 224, 211, 110, 51, 185, 157, 221, 127, 14, 38, 175, 234, 42, 59, 209, 246, 87, 176, 222, 226, 156, 70, 179, 79, 39, 92, 111, 236, 106, 253, 193, 206, 68, 99, 56, 22, 201, 112, 158, 252, 37, 16, 31, 6, 74, 180, 66, 250, 155, 200, 11, 118, 2, 134, 124, 60, 130, 238, 192, 75, 184, 178, 47, 48, 26, 114, 169, 136, 117, 17, 147, 188, 228, 241, 254, 96, 168, 103, 30, 139, 50, 34, 29, 202, 165, 141, 1, 174, 197, 205, 35, 170, 161, 198, 93, 164, 5, 251, 232, 115, 220, 218, 12, 229, 242, 190, 129, 32, 88, 41, 171, 237, 61, 52, 57, 81, 101, 9, 196, 203, 227, 215, 173, 97, 58, 181, 172, 144, 194, 123, 204, 62, 82, 72
