# Final optimized S-box - THREAD-SAFE VERSION with Early Stopping
# Generated on: 2025-09-11T01:38:07.989
# Format: 16 values per line (256 total)

sbox = UInt8[
    105, 130, 214,   4,  26, 115, 143,  91, 191, 248, 151, 178,  84, 211, 203, 255,
    127,  55, 174,   0, 232, 216,  35, 229, 230, 112, 222,  59, 231, 169, 252,  38,
     79,  54, 122, 120,  41, 196,  21, 183, 188, 171,  71, 170,  51, 239,  52,  93,
    192,  60, 129, 213, 167,  14,  29,  30, 124, 173,  45,  27, 103, 185, 139, 186,
     92, 225,  99,  25, 205, 243,  12,  31, 149, 179, 228,  73,  22, 223, 212,   2,
    108,  16, 107,  96, 226,  32,   3,  69, 177, 190, 111,   7,  85, 200, 123,  98,
    128,  68, 126, 237, 125, 227,  34,  90, 215,  88,   9,  13, 250, 172,  40,  82,
     39, 197,  67,  57, 220, 142,  74,  81, 117, 100, 251, 219,  89, 166, 132,  48,
    114, 133, 164,  20,  86, 195, 254,  61, 198,  70,  77, 208,  78,  17,  18, 224,
    138, 217,  58, 136, 109, 162, 131,  65, 141, 148, 210,  24,   6, 176, 202,   8,
     47,  97, 155, 144, 253, 236, 116, 207, 181, 182, 180,  49, 184, 102,  56,  64,
     11, 206, 159, 241, 135, 233, 157, 147,  44, 249, 209, 234, 168, 137, 150,  36,
     10, 101,  19,  15, 110, 119, 152, 113, 158,  33, 247,  63, 246,  23,  28,  94,
    218, 161,  83, 121, 140, 242, 146, 156,  66, 104,  50,  43, 235, 240, 204, 245,
     80,  87, 165, 163, 134,   5,  75, 194, 187, 145, 160, 244, 201,  95, 221,   1,
     76,  72, 238, 154,  37,  46, 199, 118, 175,  62, 106,  53,  42, 153, 193, 189
]

# Comma-separated format:
105, 130, 214, 4, 26, 115, 143, 91, 191, 248, 151, 178, 84, 211, 203, 255, 127, 55, 174, 0, 232, 216, 35, 229, 230, 112, 222, 59, 231, 169, 252, 38, 79, 54, 122, 120, 41, 196, 21, 183, 188, 171, 71, 170, 51, 239, 52, 93, 192, 60, 129, 213, 167, 14, 29, 30, 124, 173, 45, 27, 103, 185, 139, 186, 92, 225, 99, 25, 205, 243, 12, 31, 149, 179, 228, 73, 22, 223, 212, 2, 108, 16, 107, 96, 226, 32, 3, 69, 177, 190, 111, 7, 85, 200, 123, 98, 128, 68, 126, 237, 125, 227, 34, 90, 215, 88, 9, 13, 250, 172, 40, 82, 39, 197, 67, 57, 220, 142, 74, 81, 117, 100, 251, 219, 89, 166, 132, 48, 114, 133, 164, 20, 86, 195, 254, 61, 198, 70, 77, 208, 78, 17, 18, 224, 138, 217, 58, 136, 109, 162, 131, 65, 141, 148, 210, 24, 6, 176, 202, 8, 47, 97, 155, 144, 253, 236, 116, 207, 181, 182, 180, 49, 184, 102, 56, 64, 11, 206, 159, 241, 135, 233, 157, 147, 44, 249, 209, 234, 168, 137, 150, 36, 10, 101, 19, 15, 110, 119, 152, 113, 158, 33, 247, 63, 246, 23, 28, 94, 218, 161, 83, 121, 140, 242, 146, 156, 66, 104, 50, 43, 235, 240, 204, 245, 80, 87, 165, 163, 134, 5, 75, 194, 187, 145, 160, 244, 201, 95, 221, 1, 76, 72, 238, 154, 37, 46, 199, 118, 175, 62, 106, 53, 42, 153, 193, 189
