# Final optimized S-box - THREAD-SAFE VERSION with Early Stopping
# Generated on: 2025-09-09T18:15:18.507
# Format: 16 values per line (256 total)

sbox = UInt8[
    136, 130, 214,   1,  26, 235,  21,  91,  46, 248, 151,  44, 110, 211, 203, 196,
    127,  55, 174,   0, 232, 216,  53, 240, 230, 112, 222,  59, 227, 221, 220,  40,
    143,  34, 122, 120,  41, 193,  60, 128, 188, 171,  71, 170,  51, 239, 207, 164,
    192,  79, 108, 213, 167,  14,  29,  48, 124, 173,  45,  27,  54, 103,  93, 186,
     92, 113,  99, 205, 252, 243,  12,   7, 149, 231, 129,  73,  22, 223, 212,   2,
    101,  16, 107,  96, 226,  32,   3,  69, 177, 247, 187, 175,  85, 200,  28,  98,
    209,  68, 126, 237,  25, 115,  87,  90, 215,  88,   9,  13, 184, 172,  94,  82,
     39,  30,  67, 254, 250, 142,  74, 168, 117, 100, 251, 219,  89,  17, 132, 163,
    114, 133, 195, 191,  86, 118, 109,  61,  35,  70,  77, 208,  84, 166,  18, 244,
    138, 217,  58,  56,  57,  80, 169, 225, 141, 148, 210,  24, 135, 176, 202, 111,
     47,   8, 155, 144, 125, 162, 116,  11, 154, 182, 180,  83, 253, 102, 105,  64,
    131, 206, 159, 233,  20, 156, 229, 147, 178, 249, 145, 234,  81, 137, 150,  36,
     10,  97,  19,  15,  78, 119, 152, 224, 158, 198, 139,  63, 246,  23, 123,  38,
    218, 161, 190, 121, 140, 242, 146, 241,  66, 104,  50,  43, 179,  52, 204, 245,
    236,   6, 165, 228, 134,   5,  75, 194, 183,  65, 160, 197,  49,  95, 157,   4,
     76,  72, 238, 185,  37, 181, 199, 201,  31,  62, 106,  33,  42, 153, 255, 189
]

# Comma-separated format:
136, 130, 214, 1, 26, 235, 21, 91, 46, 248, 151, 44, 110, 211, 203, 196, 127, 55, 174, 0, 232, 216, 53, 240, 230, 112, 222, 59, 227, 221, 220, 40, 143, 34, 122, 120, 41, 193, 60, 128, 188, 171, 71, 170, 51, 239, 207, 164, 192, 79, 108, 213, 167, 14, 29, 48, 124, 173, 45, 27, 54, 103, 93, 186, 92, 113, 99, 205, 252, 243, 12, 7, 149, 231, 129, 73, 22, 223, 212, 2, 101, 16, 107, 96, 226, 32, 3, 69, 177, 247, 187, 175, 85, 200, 28, 98, 209, 68, 126, 237, 25, 115, 87, 90, 215, 88, 9, 13, 184, 172, 94, 82, 39, 30, 67, 254, 250, 142, 74, 168, 117, 100, 251, 219, 89, 17, 132, 163, 114, 133, 195, 191, 86, 118, 109, 61, 35, 70, 77, 208, 84, 166, 18, 244, 138, 217, 58, 56, 57, 80, 169, 225, 141, 148, 210, 24, 135, 176, 202, 111, 47, 8, 155, 144, 125, 162, 116, 11, 154, 182, 180, 83, 253, 102, 105, 64, 131, 206, 159, 233, 20, 156, 229, 147, 178, 249, 145, 234, 81, 137, 150, 36, 10, 97, 19, 15, 78, 119, 152, 224, 158, 198, 139, 63, 246, 23, 123, 38, 218, 161, 190, 121, 140, 242, 146, 241, 66, 104, 50, 43, 179, 52, 204, 245, 236, 6, 165, 228, 134, 5, 75, 194, 183, 65, 160, 197, 49, 95, 157, 4, 76, 72, 238, 185, 37, 181, 199, 201, 31, 62, 106, 33, 42, 153, 255, 189
