# Final optimized S-box - THREAD-SAFE VERSION with Early Stopping
# Generated on: 2025-09-16T21:12:43.519
# Format: 16 values per line (256 total)

sbox = UInt8[
    142, 107, 195, 128, 214,  98,  27,  78, 151,  18,   8, 208, 145, 132, 248, 225,
     41,   3,   4,  11, 114, 174, 244, 229,  36, 217, 210,  19, 154, 249, 173, 166,
    149,  49, 222,  71, 192,  29, 116, 240,  85,  82, 180, 137, 220, 167, 100, 156,
    140,  69, 247,  96,  76,  43, 161,  21, 143,  77,  90,  84, 207, 201,  15, 164,
    131,  10,   0, 146,  56,  53,  65, 188,  34,  38,  81, 148,  93, 125,   7,  80,
    178, 205,  64, 177, 194, 160, 187, 150, 255, 212,  14, 231,  95, 199, 252, 122,
     23,  37,  91, 189,  55,  89,  87, 121,  33,  94,  16, 111,  66, 227, 159, 182,
    102, 108,  86, 124,  58, 105,  13, 232, 138, 153, 224, 211, 110,  51, 185, 157,
    196, 127,  26, 162, 175, 130,  42,  59, 209, 246, 203,   6,  79, 226,  63,  70,
    235, 176,  39, 237, 120, 200, 106, 253,  31, 206,  12,  99,   9,  22,  83, 112,
    158,  17, 172,  68, 193, 223,  74,  20, 163, 191, 155, 119, 245, 118,   2, 134,
    123, 113, 234, 238, 250, 184, 218,  28,  47,  48, 219, 169, 216, 136, 117, 181,
    147, 109, 228, 241, 233, 183, 168, 103,  30, 139,  72,  25,  24, 202, 165, 141,
      1,  40, 197, 213,  35, 170, 243,  73,  46,  67,   5, 251, 230, 115, 104, 254,
    126,  62, 242, 190, 129,  32,  88, 236, 171,  92,  97,  52,  57, 221, 101,  44,
     75,  60, 179, 215,  45,  61, 198, 239, 133, 144, 186, 152, 204, 135,  54,  50
]

# Comma-separated format:
142, 107, 195, 128, 214, 98, 27, 78, 151, 18, 8, 208, 145, 132, 248, 225, 41, 3, 4, 11, 114, 174, 244, 229, 36, 217, 210, 19, 154, 249, 173, 166, 149, 49, 222, 71, 192, 29, 116, 240, 85, 82, 180, 137, 220, 167, 100, 156, 140, 69, 247, 96, 76, 43, 161, 21, 143, 77, 90, 84, 207, 201, 15, 164, 131, 10, 0, 146, 56, 53, 65, 188, 34, 38, 81, 148, 93, 125, 7, 80, 178, 205, 64, 177, 194, 160, 187, 150, 255, 212, 14, 231, 95, 199, 252, 122, 23, 37, 91, 189, 55, 89, 87, 121, 33, 94, 16, 111, 66, 227, 159, 182, 102, 108, 86, 124, 58, 105, 13, 232, 138, 153, 224, 211, 110, 51, 185, 157, 196, 127, 26, 162, 175, 130, 42, 59, 209, 246, 203, 6, 79, 226, 63, 70, 235, 176, 39, 237, 120, 200, 106, 253, 31, 206, 12, 99, 9, 22, 83, 112, 158, 17, 172, 68, 193, 223, 74, 20, 163, 191, 155, 119, 245, 118, 2, 134, 123, 113, 234, 238, 250, 184, 218, 28, 47, 48, 219, 169, 216, 136, 117, 181, 147, 109, 228, 241, 233, 183, 168, 103, 30, 139, 72, 25, 24, 202, 165, 141, 1, 40, 197, 213, 35, 170, 243, 73, 46, 67, 5, 251, 230, 115, 104, 254, 126, 62, 242, 190, 129, 32, 88, 236, 171, 92, 97, 52, 57, 221, 101, 44, 75, 60, 179, 215, 45, 61, 198, 239, 133, 144, 186, 152, 204, 135, 54, 50
