# Final optimized S-box - THREAD-SAFE VERSION with Early Stopping
# Generated on: 2025-09-22T22:33:55.972
# Format: 16 values per line (256 total)

sbox = UInt8[
     66,  57,   3, 241,  24,  54,  22, 227, 140,   7, 125,  35, 148,  10,  88,  16,
    174, 207,  97,  41, 143, 112, 242,  18,   6, 156,  38,  12, 142,  51, 236,  92,
     43, 120,  60, 126, 167, 231,  96, 121,  90, 110,  42,  40, 208,  36, 221, 197,
    134, 205, 133,  56,  80, 237, 192, 106, 186,  21,  67, 255, 212, 216, 130,  31,
     95,  91, 244, 157, 113,  29, 163, 122,  98, 228, 118,  37, 184, 229, 108, 147,
     30,  48,  64,  74,  82,  85,   9, 230,   2, 243, 246,  13, 144,  44,  71, 166,
    249, 159, 250, 165, 183, 173, 182, 240, 114,  73, 104, 204,  93, 131,  99,  78,
    245,  11, 169,  17,  87, 201, 180,  45, 117, 222, 119, 168, 234,  27,  84, 214,
    252,  63, 202, 101, 100, 193, 123, 135,  79,  72, 187,  34, 176, 226, 153, 199,
    102, 115, 251,  28,  89, 109, 239, 136, 138,  94,  23,  77,   8,  55, 158,  14,
     59,  70, 150,  47,  68, 149, 105, 210,  76, 195, 171, 132, 162, 129, 124,  26,
     65, 223, 111, 254, 217, 160, 185, 151,  32, 175, 127, 194,  15,  69, 235, 200,
    181, 213, 152, 107, 116,  52, 190, 141, 177,  61, 128, 146, 172,  46,  20, 137,
    191,   0,  50, 188, 154, 145,  19, 209, 247, 170, 218,   5, 211, 232,  62, 219,
    220, 248, 225,   4, 203, 198,  33,  58, 215, 233, 189, 238, 164, 206, 161, 139,
     39,  86, 155, 224,  53,  81,  49,   1,  25, 179, 178, 196,  83, 253, 103,  75
]

# Comma-separated format:
66, 57, 3, 241, 24, 54, 22, 227, 140, 7, 125, 35, 148, 10, 88, 16, 174, 207, 97, 41, 143, 112, 242, 18, 6, 156, 38, 12, 142, 51, 236, 92, 43, 120, 60, 126, 167, 231, 96, 121, 90, 110, 42, 40, 208, 36, 221, 197, 134, 205, 133, 56, 80, 237, 192, 106, 186, 21, 67, 255, 212, 216, 130, 31, 95, 91, 244, 157, 113, 29, 163, 122, 98, 228, 118, 37, 184, 229, 108, 147, 30, 48, 64, 74, 82, 85, 9, 230, 2, 243, 246, 13, 144, 44, 71, 166, 249, 159, 250, 165, 183, 173, 182, 240, 114, 73, 104, 204, 93, 131, 99, 78, 245, 11, 169, 17, 87, 201, 180, 45, 117, 222, 119, 168, 234, 27, 84, 214, 252, 63, 202, 101, 100, 193, 123, 135, 79, 72, 187, 34, 176, 226, 153, 199, 102, 115, 251, 28, 89, 109, 239, 136, 138, 94, 23, 77, 8, 55, 158, 14, 59, 70, 150, 47, 68, 149, 105, 210, 76, 195, 171, 132, 162, 129, 124, 26, 65, 223, 111, 254, 217, 160, 185, 151, 32, 175, 127, 194, 15, 69, 235, 200, 181, 213, 152, 107, 116, 52, 190, 141, 177, 61, 128, 146, 172, 46, 20, 137, 191, 0, 50, 188, 154, 145, 19, 209, 247, 170, 218, 5, 211, 232, 62, 219, 220, 248, 225, 4, 203, 198, 33, 58, 215, 233, 189, 238, 164, 206, 161, 139, 39, 86, 155, 224, 53, 81, 49, 1, 25, 179, 178, 196, 83, 253, 103, 75
