# Final optimized S-box - THREAD-SAFE VERSION with Early Stopping
# Generated on: 2025-09-12T23:56:07.788
# Format: 16 values per line (256 total)

sbox = UInt8[
    105, 130, 241,   1, 221, 235, 243, 184,  46, 248, 151,  44,  84, 211, 203, 255,
    127,  55, 174,   0, 232, 216,  53, 207, 191, 112, 222, 152, 166, 234, 252,  40,
     79,  34, 122, 124,  93, 196, 143, 183, 188, 171,  71, 170,  51, 239,  52, 118,
    192,  60, 224, 213, 167,   7,  29,  30, 142, 173,  45,  27,  54, 185, 205, 186,
     92, 113,  99, 111, 231,  21,  12,  63, 149, 179, 129, 230,  22, 161, 212,   2,
    108,  16, 107,  96, 226,  32,   3, 128, 177, 201, 145,  13,  85, 200,  59,  98,
    180,  68, 162, 237,  25,  18,  87,  90, 215,  88,   9, 115, 250, 148,  94,  82,
     39, 165,  67, 228, 220, 120,  74, 168, 117, 100, 251, 219,  89, 236, 132, 163,
    114, 133, 164,  38,  86, 195, 254,  61,  35,  70,  77, 208,  50, 227,  78,  57,
    138, 217,  11, 136, 109, 197, 169,  97, 141,  36,  58,  24,  49,  83, 202,  91,
     47,   8, 155, 144, 125, 247, 116, 210,  73, 182,  69, 223, 253, 102,  56,  64,
    131, 206, 159, 214,  20, 233, 229, 147, 178, 249, 209,  26,  81, 137, 150, 172,
     10, 225,  19,  31, 110, 119,  28, 101, 158, 198, 139,  15, 246,  23, 123, 103,
    218,  37, 190, 121, 140,   4, 146, 156,  66, 104,   6,  43,  17, 240, 204, 245,
     80,  14,  41,  48, 134,   5,  75, 194, 187,  65, 160, 244, 176,  95, 157, 242,
     76,  72, 238, 154, 135, 181, 199, 126, 175,  62, 106,  33,  42, 153, 193, 189
]

# Comma-separated format:
105, 130, 241, 1, 221, 235, 243, 184, 46, 248, 151, 44, 84, 211, 203, 255, 127, 55, 174, 0, 232, 216, 53, 207, 191, 112, 222, 152, 166, 234, 252, 40, 79, 34, 122, 124, 93, 196, 143, 183, 188, 171, 71, 170, 51, 239, 52, 118, 192, 60, 224, 213, 167, 7, 29, 30, 142, 173, 45, 27, 54, 185, 205, 186, 92, 113, 99, 111, 231, 21, 12, 63, 149, 179, 129, 230, 22, 161, 212, 2, 108, 16, 107, 96, 226, 32, 3, 128, 177, 201, 145, 13, 85, 200, 59, 98, 180, 68, 162, 237, 25, 18, 87, 90, 215, 88, 9, 115, 250, 148, 94, 82, 39, 165, 67, 228, 220, 120, 74, 168, 117, 100, 251, 219, 89, 236, 132, 163, 114, 133, 164, 38, 86, 195, 254, 61, 35, 70, 77, 208, 50, 227, 78, 57, 138, 217, 11, 136, 109, 197, 169, 97, 141, 36, 58, 24, 49, 83, 202, 91, 47, 8, 155, 144, 125, 247, 116, 210, 73, 182, 69, 223, 253, 102, 56, 64, 131, 206, 159, 214, 20, 233, 229, 147, 178, 249, 209, 26, 81, 137, 150, 172, 10, 225, 19, 31, 110, 119, 28, 101, 158, 198, 139, 15, 246, 23, 123, 103, 218, 37, 190, 121, 140, 4, 146, 156, 66, 104, 6, 43, 17, 240, 204, 245, 80, 14, 41, 48, 134, 5, 75, 194, 187, 65, 160, 244, 176, 95, 157, 242, 76, 72, 238, 154, 135, 181, 199, 126, 175, 62, 106, 33, 42, 153, 193, 189
