# Final optimized S-box - THREAD-SAFE VERSION with Early Stopping
# Generated on: 2025-09-19T03:22:31.684
# Format: 16 values per line (256 total)

sbox = UInt8[
    142, 107, 195, 243, 128,  67,  27,  78,  36,  18,   8,  15, 102, 132, 248, 225,
    166,   3,   4,  45, 114, 174, 244,  87, 106,  34, 240,  56, 154, 200,  11,  44,
    149,  49, 145,  71, 192,  93, 116, 255,  85,  82, 180, 137, 215, 167, 100, 228,
    140,  69, 247, 134,  76, 235,  96,  21, 151,  77,  90,  84, 207, 201,   6, 117,
    221, 199,   0, 146,  41,  53,  65,  50, 159,  38, 119, 148,  61, 125, 135, 144,
    178, 205, 183,  64, 186,  73,  59, 150, 177, 212, 219, 231, 250, 206, 252, 122,
     23,  37,  91, 189,  55,  31,   7, 121, 161,  94, 143, 203, 210, 187, 139, 108,
    220,  66,  86, 152, 109, 105,  13, 232, 138, 230, 224, 211, 110, 223,  43,  80,
    194, 127,  14, 162, 175, 234,  42, 185, 209, 246, 126, 196,  79, 226,  63,  70,
     95, 157,   2,  57, 120, 176,  83, 253, 193,  10, 111,  99,  24,  22,  72, 112,
    190, 239, 158,  16,  89, 131,  74,  20, 182, 249, 155,  46, 197, 118,  39,  35,
    124, 113, 130, 238, 191, 184,  75,  28,  47,  48,  26, 169, 156, 136, 164,  17,
    147, 188, 236, 241, 233,  68, 168,  98,  30, 179, 163,  25,  29, 202, 165, 141,
      1, 104, 245,  51,  33, 170,  19, 198, 213, 103,   5, 251, 153, 115,  40, 218,
     12, 229, 242, 172, 129,  32,  88, 214, 171, 237, 216,  52,  92,  81, 101,   9,
    254,  60, 227, 222, 173,  97,  58, 181, 133, 217, 208, 123, 204,  62,  54, 160
]

# Comma-separated format:
142, 107, 195, 243, 128, 67, 27, 78, 36, 18, 8, 15, 102, 132, 248, 225, 166, 3, 4, 45, 114, 174, 244, 87, 106, 34, 240, 56, 154, 200, 11, 44, 149, 49, 145, 71, 192, 93, 116, 255, 85, 82, 180, 137, 215, 167, 100, 228, 140, 69, 247, 134, 76, 235, 96, 21, 151, 77, 90, 84, 207, 201, 6, 117, 221, 199, 0, 146, 41, 53, 65, 50, 159, 38, 119, 148, 61, 125, 135, 144, 178, 205, 183, 64, 186, 73, 59, 150, 177, 212, 219, 231, 250, 206, 252, 122, 23, 37, 91, 189, 55, 31, 7, 121, 161, 94, 143, 203, 210, 187, 139, 108, 220, 66, 86, 152, 109, 105, 13, 232, 138, 230, 224, 211, 110, 223, 43, 80, 194, 127, 14, 162, 175, 234, 42, 185, 209, 246, 126, 196, 79, 226, 63, 70, 95, 157, 2, 57, 120, 176, 83, 253, 193, 10, 111, 99, 24, 22, 72, 112, 190, 239, 158, 16, 89, 131, 74, 20, 182, 249, 155, 46, 197, 118, 39, 35, 124, 113, 130, 238, 191, 184, 75, 28, 47, 48, 26, 169, 156, 136, 164, 17, 147, 188, 236, 241, 233, 68, 168, 98, 30, 179, 163, 25, 29, 202, 165, 141, 1, 104, 245, 51, 33, 170, 19, 198, 213, 103, 5, 251, 153, 115, 40, 218, 12, 229, 242, 172, 129, 32, 88, 214, 171, 237, 216, 52, 92, 81, 101, 9, 254, 60, 227, 222, 173, 97, 58, 181, 133, 217, 208, 123, 204, 62, 54, 160
