# Final optimized S-box - THREAD-SAFE VERSION with Early Stopping
# Generated on: 2025-09-14T21:32:01.545
# Format: 16 values per line (256 total)

sbox = UInt8[
    142, 107,  75,  60, 214,  98,  44,  78, 213, 247,   8, 122, 222, 132, 248, 242,
     19, 174,   4,  45, 216,  48, 141,  87,  83, 217, 163,   3, 154, 249,  11, 188,
     85,  49, 145,  71, 192,  18, 116, 240, 149,  82,  41, 137, 186, 167, 100, 156,
    140,  50, 196,  96,  76,  43, 184,  21, 198,  77,  90,  84, 191, 195,  15,  95,
    131,  10,   0, 231, 207,  53,  65, 146,  34,  67, 119, 148, 123, 125,  93,  52,
    178, 205, 255,  64, 177,  73, 187, 150, 220, 133,  27, 218, 164, 199, 252, 114,
     23, 152, 254, 219,  55,  89,   7, 121,  33, 130, 143, 111, 208, 235, 159,  25,
    102, 108,  86, 135, 160, 105,  13, 232, 228, 230,  68, 211, 226,  51, 185, 157,
     37, 127,  14, 244, 224, 234, 243,  59, 210, 246, 203, 129,  79, 110,  63,  70,
    179, 176,  39,  92, 104, 200, 106, 253, 193, 206, 126,  99, 138,  22,  36, 112,
    158, 239, 172,  16,  31, 223,  74,  20,  66, 250, 155, 161, 245, 118,   2, 134,
    124, 113,  94, 238, 182, 221, 201,  28,  47, 166,  26, 209, 169, 136, 117,  17,
    147, 189,  56, 241, 233, 175, 168, 103,  62, 139,  72, 180,  29, 202, 165,  80,
      1, 153, 197, 128,  35, 170, 183,  81,  46,  38,   5, 251,  40, 115, 120, 109,
     12, 212, 225, 190,   6,  32,  88, 236, 171, 237,  42, 162,  57, 151, 101,   9,
     91,  61, 227, 215, 173,  97,  30, 181, 229, 144, 194,  24, 204,  58,  54,  69
]

# Comma-separated format:
142, 107, 75, 60, 214, 98, 44, 78, 213, 247, 8, 122, 222, 132, 248, 242, 19, 174, 4, 45, 216, 48, 141, 87, 83, 217, 163, 3, 154, 249, 11, 188, 85, 49, 145, 71, 192, 18, 116, 240, 149, 82, 41, 137, 186, 167, 100, 156, 140, 50, 196, 96, 76, 43, 184, 21, 198, 77, 90, 84, 191, 195, 15, 95, 131, 10, 0, 231, 207, 53, 65, 146, 34, 67, 119, 148, 123, 125, 93, 52, 178, 205, 255, 64, 177, 73, 187, 150, 220, 133, 27, 218, 164, 199, 252, 114, 23, 152, 254, 219, 55, 89, 7, 121, 33, 130, 143, 111, 208, 235, 159, 25, 102, 108, 86, 135, 160, 105, 13, 232, 228, 230, 68, 211, 226, 51, 185, 157, 37, 127, 14, 244, 224, 234, 243, 59, 210, 246, 203, 129, 79, 110, 63, 70, 179, 176, 39, 92, 104, 200, 106, 253, 193, 206, 126, 99, 138, 22, 36, 112, 158, 239, 172, 16, 31, 223, 74, 20, 66, 250, 155, 161, 245, 118, 2, 134, 124, 113, 94, 238, 182, 221, 201, 28, 47, 166, 26, 209, 169, 136, 117, 17, 147, 189, 56, 241, 233, 175, 168, 103, 62, 139, 72, 180, 29, 202, 165, 80, 1, 153, 197, 128, 35, 170, 183, 81, 46, 38, 5, 251, 40, 115, 120, 109, 12, 212, 225, 190, 6, 32, 88, 236, 171, 237, 42, 162, 57, 151, 101, 9, 91, 61, 227, 215, 173, 97, 30, 181, 229, 144, 194, 24, 204, 58, 54, 69
