# Final optimized S-box - THREAD-SAFE VERSION with Early Stopping
# Generated on: 2025-09-19T22:07:24.846
# Format: 16 values per line (256 total)

sbox = UInt8[
    142, 107, 195, 243, 214,  98,  83,  78, 213, 125,   8, 208, 159, 132, 248, 225,
    166,   3, 218,  45, 216, 174, 238,  87, 147,  73, 163,  19, 154, 249,   6,  44,
    199,  49, 182, 206, 192,  93,   2, 240,  85, 134, 180, 137, 186, 167, 100, 156,
    140,  69, 247,  96,  76,  43, 161,  21, 151,  77,  90,  84, 191, 201,  15, 164,
    131,  10,   0,  37, 207,  53,  65, 109,  34,  67,  33, 189,  24, 146, 135,  80,
    178, 205, 255, 120, 177, 126, 187, 150, 251, 212, 219, 231,  95, 244, 152,  36,
    215, 190,  91, 194,  55, 217,   7, 121,  12,  88, 113, 111, 210, 235,  64, 145,
    102,  70,  86, 220, 160, 124,  13, 232, 138, 230, 224, 211, 110,  51, 185, 157,
    196,  23,  14, 241, 227, 234,  42,  59, 209, 246, 203, 123, 222, 226,  63,  79,
    179, 176,  39,  92, 108, 200, 106, 253, 193, 144, 170,  99,  56,  22, 122, 112,
    158, 239, 172,   4,  31, 223,  74,  20,  66, 250, 155, 221, 245, 118, 116,  38,
    104, 143, 130, 149,  41,  94,  75,  28,  47,  48,  26, 114, 169, 136, 117,  17,
     27, 188, 228, 148, 233,  68, 168, 103,  30, 139, 119,  25,  29, 202, 165, 252,
      1,  40, 197,  50,  35,  89, 128, 198,  46,  82,   5, 141, 153, 115, 105,  16,
     72, 229, 242,  18, 129,  32, 184, 236, 171, 237,  61,  52,  57,  81, 101,   9,
    254,  60, 175, 127, 173,  97,  58, 181, 133,  71, 162,  11, 204,  62,  54, 183
]

# Comma-separated format:
142, 107, 195, 243, 214, 98, 83, 78, 213, 125, 8, 208, 159, 132, 248, 225, 166, 3, 218, 45, 216, 174, 238, 87, 147, 73, 163, 19, 154, 249, 6, 44, 199, 49, 182, 206, 192, 93, 2, 240, 85, 134, 180, 137, 186, 167, 100, 156, 140, 69, 247, 96, 76, 43, 161, 21, 151, 77, 90, 84, 191, 201, 15, 164, 131, 10, 0, 37, 207, 53, 65, 109, 34, 67, 33, 189, 24, 146, 135, 80, 178, 205, 255, 120, 177, 126, 187, 150, 251, 212, 219, 231, 95, 244, 152, 36, 215, 190, 91, 194, 55, 217, 7, 121, 12, 88, 113, 111, 210, 235, 64, 145, 102, 70, 86, 220, 160, 124, 13, 232, 138, 230, 224, 211, 110, 51, 185, 157, 196, 23, 14, 241, 227, 234, 42, 59, 209, 246, 203, 123, 222, 226, 63, 79, 179, 176, 39, 92, 108, 200, 106, 253, 193, 144, 170, 99, 56, 22, 122, 112, 158, 239, 172, 4, 31, 223, 74, 20, 66, 250, 155, 221, 245, 118, 116, 38, 104, 143, 130, 149, 41, 94, 75, 28, 47, 48, 26, 114, 169, 136, 117, 17, 27, 188, 228, 148, 233, 68, 168, 103, 30, 139, 119, 25, 29, 202, 165, 252, 1, 40, 197, 50, 35, 89, 128, 198, 46, 82, 5, 141, 153, 115, 105, 16, 72, 229, 242, 18, 129, 32, 184, 236, 171, 237, 61, 52, 57, 81, 101, 9, 254, 60, 175, 127, 173, 97, 58, 181, 133, 71, 162, 11, 204, 62, 54, 183
