# Final optimized S-box - THREAD-SAFE VERSION with Early Stopping
# Generated on: 2025-09-21T15:20:07.571
# Format: 16 values per line (256 total)

sbox = UInt8[
    118, 234, 219, 191, 231,  23,  45, 214, 161, 150, 116, 181, 126, 251, 210, 199,
      9, 250,  51, 237,  62, 185,  10,  36, 233, 187, 209,  21,  57, 184,  44, 114,
    247, 122,  93, 169,  98, 173, 197,  69, 216, 155,  15, 183, 147, 151, 222,  17,
    131,  91, 239, 115,  37,  81, 213, 143, 253,  66, 227,  40,  92,  70,  80, 146,
    168, 202, 162, 246, 211, 252,  67,  46,  63,  79, 217, 176, 157, 103,  11, 238,
     90,  31,   8,   1, 225,  71, 241,  28, 113,  27, 123, 248,  30,  94, 174,  83,
      4, 188, 220, 205, 156, 163,  12, 243, 139,  99, 240, 133,  13,  39, 124, 182,
     72, 108,  33, 100, 254, 186, 198, 244, 170, 145, 159,  60, 228,  25, 196, 175,
     38, 134, 195,  64, 136, 203,  53,  24, 201,  59, 242,  75, 208,  54, 255, 105,
     34, 153, 127, 229, 141, 102, 112,  18,  82, 106,  86,  89, 138, 135, 110,  20,
    128,  14,   5,  74,  55,  73,  19,  43, 121,  87, 207, 206,  16, 226,  77, 140,
     78,   6, 164, 193,  49, 144, 171, 224, 129, 132, 192, 165, 111,  97, 221, 125,
    172,  58,  35, 232, 178, 180, 107, 149,  85, 120, 137, 189,   2, 166,  41,  56,
     96,  84, 119,  95, 204, 249,  50,  42,   3, 154,  29,  32, 130, 194, 190,  65,
    160,  47,  88, 104, 109, 177, 245, 179, 218, 212,  26, 142,   7,  52, 117, 236,
     76, 148, 215, 167, 158, 152,  61,  68, 200,   0, 101,  48, 230, 223, 235,  22
]

# Comma-separated format:
118, 234, 219, 191, 231, 23, 45, 214, 161, 150, 116, 181, 126, 251, 210, 199, 9, 250, 51, 237, 62, 185, 10, 36, 233, 187, 209, 21, 57, 184, 44, 114, 247, 122, 93, 169, 98, 173, 197, 69, 216, 155, 15, 183, 147, 151, 222, 17, 131, 91, 239, 115, 37, 81, 213, 143, 253, 66, 227, 40, 92, 70, 80, 146, 168, 202, 162, 246, 211, 252, 67, 46, 63, 79, 217, 176, 157, 103, 11, 238, 90, 31, 8, 1, 225, 71, 241, 28, 113, 27, 123, 248, 30, 94, 174, 83, 4, 188, 220, 205, 156, 163, 12, 243, 139, 99, 240, 133, 13, 39, 124, 182, 72, 108, 33, 100, 254, 186, 198, 244, 170, 145, 159, 60, 228, 25, 196, 175, 38, 134, 195, 64, 136, 203, 53, 24, 201, 59, 242, 75, 208, 54, 255, 105, 34, 153, 127, 229, 141, 102, 112, 18, 82, 106, 86, 89, 138, 135, 110, 20, 128, 14, 5, 74, 55, 73, 19, 43, 121, 87, 207, 206, 16, 226, 77, 140, 78, 6, 164, 193, 49, 144, 171, 224, 129, 132, 192, 165, 111, 97, 221, 125, 172, 58, 35, 232, 178, 180, 107, 149, 85, 120, 137, 189, 2, 166, 41, 56, 96, 84, 119, 95, 204, 249, 50, 42, 3, 154, 29, 32, 130, 194, 190, 65, 160, 47, 88, 104, 109, 177, 245, 179, 218, 212, 26, 142, 7, 52, 117, 236, 76, 148, 215, 167, 158, 152, 61, 68, 200, 0, 101, 48, 230, 223, 235, 22
