# Final optimized S-box - THREAD-SAFE VERSION with Early Stopping
# Generated on: 2025-09-09T22:50:20.482
# Format: 16 values per line (256 total)

sbox = UInt8[
    142, 107, 195, 243, 214,  98,  27,  78,  73,  18,   8, 208, 117, 119, 248, 225,
    166,   3,   4,  53, 114, 174, 244,  87,  83, 130,  32,  19, 154, 249,  11, 171,
    149,  49, 145,  71, 192,  93, 132, 156,  85,  82, 180, 137, 220, 167, 242, 143,
    140,  69, 247,  96,  76, 227, 161,  52, 151,  17,  90,  88, 207, 233,  15, 164,
    131,  10,   0, 146,  41,  23,  65, 109,  34,  38, 245, 148,  62, 125, 135,  80,
    178, 237,  57, 153, 186, 183, 201, 150,  68, 212, 219, 231,  95, 116, 252, 122,
     45,  37,  60, 189,  55,  89,   7, 121, 124,  94, 240,  77, 100, 235,  59, 182,
    102, 105,  86, 152, 160, 108,  13, 111, 239, 230, 224, 211, 110, 159, 185, 157,
    196, 127,  14, 177, 175, 234,  42, 215, 209, 246, 203,   6,  79, 226,  63,  33,
    179, 176, 232,  92, 120, 200, 106,  91, 193, 206, 126,  99,  56, 221,  36, 112,
     67, 173, 172,  16,  31, 223,  74,  20,  66, 250, 155, 158, 134, 118,   2,  46,
    129, 113, 191, 238, 217, 184,  75,  28,  47,  48,  26, 169, 216, 136, 197,  39,
    147, 188, 222,  43, 187, 162, 168, 103,  30, 229, 255,  25,  29, 202, 165, 205,
      1,  40, 228, 213,  35, 170, 128, 198, 253, 139,   5, 251,  64, 115, 104,  84,
     12,  44, 210, 190,  70, 163, 218, 236,  21, 141,  61,  22,  72,  81, 101,   9,
    254, 199, 241,  51, 138,  97,  58, 181, 133, 144, 194, 123, 204,  24,  54,  50
]

# Comma-separated format:
142, 107, 195, 243, 214, 98, 27, 78, 73, 18, 8, 208, 117, 119, 248, 225, 166, 3, 4, 53, 114, 174, 244, 87, 83, 130, 32, 19, 154, 249, 11, 171, 149, 49, 145, 71, 192, 93, 132, 156, 85, 82, 180, 137, 220, 167, 242, 143, 140, 69, 247, 96, 76, 227, 161, 52, 151, 17, 90, 88, 207, 233, 15, 164, 131, 10, 0, 146, 41, 23, 65, 109, 34, 38, 245, 148, 62, 125, 135, 80, 178, 237, 57, 153, 186, 183, 201, 150, 68, 212, 219, 231, 95, 116, 252, 122, 45, 37, 60, 189, 55, 89, 7, 121, 124, 94, 240, 77, 100, 235, 59, 182, 102, 105, 86, 152, 160, 108, 13, 111, 239, 230, 224, 211, 110, 159, 185, 157, 196, 127, 14, 177, 175, 234, 42, 215, 209, 246, 203, 6, 79, 226, 63, 33, 179, 176, 232, 92, 120, 200, 106, 91, 193, 206, 126, 99, 56, 221, 36, 112, 67, 173, 172, 16, 31, 223, 74, 20, 66, 250, 155, 158, 134, 118, 2, 46, 129, 113, 191, 238, 217, 184, 75, 28, 47, 48, 26, 169, 216, 136, 197, 39, 147, 188, 222, 43, 187, 162, 168, 103, 30, 229, 255, 25, 29, 202, 165, 205, 1, 40, 228, 213, 35, 170, 128, 198, 253, 139, 5, 251, 64, 115, 104, 84, 12, 44, 210, 190, 70, 163, 218, 236, 21, 141, 61, 22, 72, 81, 101, 9, 254, 199, 241, 51, 138, 97, 58, 181, 133, 144, 194, 123, 204, 24, 54, 50
