# Final optimized S-box - THREAD-SAFE VERSION with Early Stopping
# Generated on: 2025-09-23T16:19:24.971
# Format: 16 values per line (256 total)

sbox = UInt8[
    217, 218,   2, 204,   3, 229,  28, 192, 158,  41,  65, 235, 181,  56,  16, 169,
    224, 179, 142,  19, 162,  74, 182, 252,  61,  24, 191, 154,  48,  67, 230,   9,
    130,  29, 135, 133, 214,  33, 138, 118,  69, 109, 117,  47,  53,  23,  80, 239,
     34, 211, 165, 147,  45, 111, 200,  55, 143, 104,  94, 190, 173, 202, 124, 151,
    122,  64, 144, 171,  10,  50,  87, 199, 184, 254,  13, 163,  63, 186, 206,  79,
     75,   8, 228, 250,  38, 156, 174,  22,  73, 127,  59, 153, 209,  92, 216,  88,
     96,  83, 248, 152,  54, 176,  70, 185,  43,  89, 102,  26, 128, 166, 112,  99,
    167, 172,  32, 155, 126, 145, 201, 140, 213, 178, 215,  17,  14, 100, 241,  52,
    255, 125, 180, 164,  82, 107, 105,  85, 205,  11, 219,  90, 242, 108, 227, 249,
     12,   5, 146,  36, 223, 149, 136, 232, 183,  91, 116, 115, 208,  30,  81, 113,
    121, 189,  77, 196, 203, 251,   6, 194,  84, 193, 222, 114, 141, 161, 187, 247,
    101,  95,  62, 231, 157, 131, 238, 123,  66, 106, 195, 212,  60, 103, 129, 170,
    139, 225, 159, 207, 236,  49,  93,  86, 245, 110,  18,  68,  71, 150,  31,  57,
     39, 234,  76, 137,  97,   0,  25, 240,  46, 221,  58, 168, 210,  98,  27,   4,
    177, 246,  20, 132, 134,  78, 188, 220, 119,   1, 198,  42, 160, 244, 237, 233,
     40,  44, 226, 243,  72,  21,  35, 175, 120,   7,  15,  51,  37, 253, 197, 148
]

# Comma-separated format:
217, 218, 2, 204, 3, 229, 28, 192, 158, 41, 65, 235, 181, 56, 16, 169, 224, 179, 142, 19, 162, 74, 182, 252, 61, 24, 191, 154, 48, 67, 230, 9, 130, 29, 135, 133, 214, 33, 138, 118, 69, 109, 117, 47, 53, 23, 80, 239, 34, 211, 165, 147, 45, 111, 200, 55, 143, 104, 94, 190, 173, 202, 124, 151, 122, 64, 144, 171, 10, 50, 87, 199, 184, 254, 13, 163, 63, 186, 206, 79, 75, 8, 228, 250, 38, 156, 174, 22, 73, 127, 59, 153, 209, 92, 216, 88, 96, 83, 248, 152, 54, 176, 70, 185, 43, 89, 102, 26, 128, 166, 112, 99, 167, 172, 32, 155, 126, 145, 201, 140, 213, 178, 215, 17, 14, 100, 241, 52, 255, 125, 180, 164, 82, 107, 105, 85, 205, 11, 219, 90, 242, 108, 227, 249, 12, 5, 146, 36, 223, 149, 136, 232, 183, 91, 116, 115, 208, 30, 81, 113, 121, 189, 77, 196, 203, 251, 6, 194, 84, 193, 222, 114, 141, 161, 187, 247, 101, 95, 62, 231, 157, 131, 238, 123, 66, 106, 195, 212, 60, 103, 129, 170, 139, 225, 159, 207, 236, 49, 93, 86, 245, 110, 18, 68, 71, 150, 31, 57, 39, 234, 76, 137, 97, 0, 25, 240, 46, 221, 58, 168, 210, 98, 27, 4, 177, 246, 20, 132, 134, 78, 188, 220, 119, 1, 198, 42, 160, 244, 237, 233, 40, 44, 226, 243, 72, 21, 35, 175, 120, 7, 15, 51, 37, 253, 197, 148
