# Final optimized S-box - THREAD-SAFE VERSION with Early Stopping
# Generated on: 2025-09-17T20:30:17.554
# Format: 16 values per line (256 total)

sbox = UInt8[
    105, 130, 214,   1,  26, 235,  21,  91,  46, 248, 151, 122,  84, 201, 203, 255,
    127,  55, 174,   0, 232, 226,  45, 207, 230, 112, 222,  73, 231,  76, 252,  40,
     79,   6, 246, 120,  41, 196, 143, 183, 188, 171,  71, 190,  51, 239,  34,  36,
    192,  60, 224, 213, 167,  14,  29,  30, 124, 189, 101,  27,  54, 185, 247, 209,
    233, 113,  99, 184, 205, 243,  12,  31, 149, 179, 129, 123,  22,  35, 212,   2,
    108,  16, 107,  96, 110,  32,   3,  69, 177, 254, 240,  57,  85, 200,  28,  98,
    128,  68,  33, 173,  25, 115,  87,  90, 215,  88,   9,  13, 250, 172,  94,  82,
     39,  50,  67, 175, 198, 142,  74, 168, 117, 100, 251, 219, 202, 166, 132,  52,
    176, 133, 164,  38,  86, 195, 211,  61, 223,  70,  77, 208,  78, 197,  18, 228,
    138, 217,  58, 136, 109, 162, 169,  97, 141, 148, 114,  24, 135, 210, 220, 111,
     47,   8, 155, 144, 125, 236,  83,  11, 191, 182, 180, 116, 245, 102,  56,  64,
    131, 206, 159, 241,  20,  92, 229, 147, 178, 253,  17, 234,  81, 137, 150, 221,
     10, 225,  19,  15, 216, 119, 152,  53, 158,  89, 139,  63,  44,  23,  59, 103,
    218, 161, 186, 121, 140, 242, 146, 156,  66, 104, 163,  43, 227, 145, 204, 249,
     80, 118, 126,  48, 134,   5,  75, 194, 187,  65, 160, 244,  49,  95, 157,   4,
    170,  72, 238, 154, 165, 181, 199,  93,   7,  62, 106,  37,  42, 153, 193, 237
]

# Comma-separated format:
105, 130, 214, 1, 26, 235, 21, 91, 46, 248, 151, 122, 84, 201, 203, 255, 127, 55, 174, 0, 232, 226, 45, 207, 230, 112, 222, 73, 231, 76, 252, 40, 79, 6, 246, 120, 41, 196, 143, 183, 188, 171, 71, 190, 51, 239, 34, 36, 192, 60, 224, 213, 167, 14, 29, 30, 124, 189, 101, 27, 54, 185, 247, 209, 233, 113, 99, 184, 205, 243, 12, 31, 149, 179, 129, 123, 22, 35, 212, 2, 108, 16, 107, 96, 110, 32, 3, 69, 177, 254, 240, 57, 85, 200, 28, 98, 128, 68, 33, 173, 25, 115, 87, 90, 215, 88, 9, 13, 250, 172, 94, 82, 39, 50, 67, 175, 198, 142, 74, 168, 117, 100, 251, 219, 202, 166, 132, 52, 176, 133, 164, 38, 86, 195, 211, 61, 223, 70, 77, 208, 78, 197, 18, 228, 138, 217, 58, 136, 109, 162, 169, 97, 141, 148, 114, 24, 135, 210, 220, 111, 47, 8, 155, 144, 125, 236, 83, 11, 191, 182, 180, 116, 245, 102, 56, 64, 131, 206, 159, 241, 20, 92, 229, 147, 178, 253, 17, 234, 81, 137, 150, 221, 10, 225, 19, 15, 216, 119, 152, 53, 158, 89, 139, 63, 44, 23, 59, 103, 218, 161, 186, 121, 140, 242, 146, 156, 66, 104, 163, 43, 227, 145, 204, 249, 80, 118, 126, 48, 134, 5, 75, 194, 187, 65, 160, 244, 49, 95, 157, 4, 170, 72, 238, 154, 165, 181, 199, 93, 7, 62, 106, 37, 42, 153, 193, 237
