# Final optimized S-box - THREAD-SAFE VERSION with Early Stopping
# Generated on: 2025-09-15T13:09:47.811
# Format: 16 values per line (256 total)

sbox = UInt8[
    206, 107, 195, 139, 214, 128, 199,  78, 127,  37, 207, 208, 129, 132, 248, 225,
    227,   3, 240,  45, 216, 174, 244,  87,  83, 217, 125,  19, 154, 249,  11,  41,
    149,  49, 145,  71,  72,  93, 116,   4,  85,  91, 180, 137, 186, 167, 100, 181,
    140,  67, 247,  96,  76,  43, 183,  21, 126,  77,  90,  84, 191, 201, 141, 164,
    131,  58,   0, 146,   8,  53,  60, 109,  34, 187, 119, 148,  24,  70, 135,  80,
    178, 205,  82,  64, 177, 153,  59, 150, 220, 212, 213, 231,  95, 151, 252,  27,
    198,   2, 255, 189,  55,  89,   7, 121,  73,  94,  15, 111, 210, 235, 159, 182,
    102, 108,  86, 219, 160, 105,  13, 232, 138, 230, 224, 211, 110,  51, 185, 157,
    196, 161,  14, 122,  18, 234,  42,  69, 209, 246, 203,   6,  79, 156,  63,  16,
    179,  33,  39,  92, 120, 200, 106, 253, 193, 238, 162, 123,  56,  98,  36, 112,
    158, 188, 172,  75,  31, 223,  74,  20, 169, 218, 155, 221,  99, 118,  61, 134,
    124, 113, 130, 142,  47, 184,  10,  28,  44,  48,  26, 114,  66, 136, 117,  17,
    147, 239, 228, 241, 233, 245, 168, 103,  30, 243, 192,  25,  29, 202, 165, 143,
     35,  40, 197, 250,  46, 170,  22,   1, 163,  38,   5, 251, 229, 115, 104, 152,
     12, 176, 242, 190, 222,  32,  88, 236, 171, 237,  81,  52,  57, 175, 101, 194,
    254,  65, 166, 215, 173,  97,  23, 226, 133, 144,   9,  68, 204,  62,  54,  50
]

# Comma-separated format:
206, 107, 195, 139, 214, 128, 199, 78, 127, 37, 207, 208, 129, 132, 248, 225, 227, 3, 240, 45, 216, 174, 244, 87, 83, 217, 125, 19, 154, 249, 11, 41, 149, 49, 145, 71, 72, 93, 116, 4, 85, 91, 180, 137, 186, 167, 100, 181, 140, 67, 247, 96, 76, 43, 183, 21, 126, 77, 90, 84, 191, 201, 141, 164, 131, 58, 0, 146, 8, 53, 60, 109, 34, 187, 119, 148, 24, 70, 135, 80, 178, 205, 82, 64, 177, 153, 59, 150, 220, 212, 213, 231, 95, 151, 252, 27, 198, 2, 255, 189, 55, 89, 7, 121, 73, 94, 15, 111, 210, 235, 159, 182, 102, 108, 86, 219, 160, 105, 13, 232, 138, 230, 224, 211, 110, 51, 185, 157, 196, 161, 14, 122, 18, 234, 42, 69, 209, 246, 203, 6, 79, 156, 63, 16, 179, 33, 39, 92, 120, 200, 106, 253, 193, 238, 162, 123, 56, 98, 36, 112, 158, 188, 172, 75, 31, 223, 74, 20, 169, 218, 155, 221, 99, 118, 61, 134, 124, 113, 130, 142, 47, 184, 10, 28, 44, 48, 26, 114, 66, 136, 117, 17, 147, 239, 228, 241, 233, 245, 168, 103, 30, 243, 192, 25, 29, 202, 165, 143, 35, 40, 197, 250, 46, 170, 22, 1, 163, 38, 5, 251, 229, 115, 104, 152, 12, 176, 242, 190, 222, 32, 88, 236, 171, 237, 81, 52, 57, 175, 101, 194, 254, 65, 166, 215, 173, 97, 23, 226, 133, 144, 9, 68, 204, 62, 54, 50
