# Final optimized S-box - THREAD-SAFE VERSION with Early Stopping
# Generated on: 2025-09-12T14:58:00.828
# Format: 16 values per line (256 total)

sbox = UInt8[
    217,  14,  80, 159,   3, 229,  98, 197,  41,  43,  64, 235, 181,  56,  16,  61,
    224, 179, 142,  19, 162,  74,  57, 123,  25,  24, 203, 154,  48,  67, 230,   9,
    130, 252, 135, 133, 214,  33, 138, 255, 198, 109, 117,  46,  53, 188,  45,  97,
    246, 145,  42,  39,   2, 241, 200,  55, 143, 104,  94, 190, 111, 202, 124, 227,
    122, 137,  63, 171,  10,  50,  87, 199, 184, 242,  13, 196, 189, 158, 186,  79,
    244, 156, 228, 234,  38,  28, 169,  70, 220, 127,  59, 233, 209,  92, 216,  88,
     96,  83, 221, 152,  54, 176, 144, 185, 100, 113, 102,  26, 183, 166, 112,  99,
    167, 172,  32,  22,  30, 192, 201, 140, 213, 191, 211,  17, 153, 249, 212,  52,
    118, 125, 151, 164, 119,  68, 105, 215, 205,  11, 219,  90, 250, 108, 180, 134,
     12,   5, 210,  36, 223, 218, 136, 232, 110,  91, 116, 115, 208, 146,  81, 225,
    248, 121, 174, 163,  84, 251,   6, 194,  34, 193, 222, 114, 141, 161, 187, 247,
    101,  95,  62,  15, 157, 131, 238,  47,  66, 106, 195, 177,  60, 103, 129, 170,
    139, 245, 155, 207, 236,  49,  93,  86,  85,  29, 126, 107,  71, 150,  31, 182,
    147, 254,  76,  73,  89,   0, 206, 240, 128, 165,  58, 168,  18, 204,  27,   4,
     75,  69,  20, 132,   8,  78,  23,  65,  82,   1, 178, 239, 160, 173, 237, 149,
     40,  44, 226, 243,  72,  21,  35, 175, 120,   7, 231,  51,  37, 253,  77, 148
]

# Comma-separated format:
217, 14, 80, 159, 3, 229, 98, 197, 41, 43, 64, 235, 181, 56, 16, 61, 224, 179, 142, 19, 162, 74, 57, 123, 25, 24, 203, 154, 48, 67, 230, 9, 130, 252, 135, 133, 214, 33, 138, 255, 198, 109, 117, 46, 53, 188, 45, 97, 246, 145, 42, 39, 2, 241, 200, 55, 143, 104, 94, 190, 111, 202, 124, 227, 122, 137, 63, 171, 10, 50, 87, 199, 184, 242, 13, 196, 189, 158, 186, 79, 244, 156, 228, 234, 38, 28, 169, 70, 220, 127, 59, 233, 209, 92, 216, 88, 96, 83, 221, 152, 54, 176, 144, 185, 100, 113, 102, 26, 183, 166, 112, 99, 167, 172, 32, 22, 30, 192, 201, 140, 213, 191, 211, 17, 153, 249, 212, 52, 118, 125, 151, 164, 119, 68, 105, 215, 205, 11, 219, 90, 250, 108, 180, 134, 12, 5, 210, 36, 223, 218, 136, 232, 110, 91, 116, 115, 208, 146, 81, 225, 248, 121, 174, 163, 84, 251, 6, 194, 34, 193, 222, 114, 141, 161, 187, 247, 101, 95, 62, 15, 157, 131, 238, 47, 66, 106, 195, 177, 60, 103, 129, 170, 139, 245, 155, 207, 236, 49, 93, 86, 85, 29, 126, 107, 71, 150, 31, 182, 147, 254, 76, 73, 89, 0, 206, 240, 128, 165, 58, 168, 18, 204, 27, 4, 75, 69, 20, 132, 8, 78, 23, 65, 82, 1, 178, 239, 160, 173, 237, 149, 40, 44, 226, 243, 72, 21, 35, 175, 120, 7, 231, 51, 37, 253, 77, 148
