# Final optimized S-box - THREAD-SAFE VERSION with Early Stopping
# Generated on: 2025-09-16T11:13:22.660
# Format: 16 values per line (256 total)

sbox = UInt8[
    151, 107, 195,  71, 142,  98,  26,  78, 239,  18,   8, 208,  69, 132, 248, 225,
    166, 102, 193,  45, 191, 174, 119,  87,   6, 183, 163,  19, 154, 249,  11,  44,
    149,  49, 145, 243, 192,  93,  14, 240,  85,  82, 180, 137, 220, 167, 100, 156,
    140, 229, 247,  96,  76,  43, 161, 115, 214,  56,  90,  84, 101, 128,  15, 164,
    131,  10,   0, 146, 150,  53,  41,  80,  34,  38, 201,  72,  31, 125, 135,   4,
    178, 205, 255,  64, 186,  73, 187,  22, 177, 212, 219, 231,  95, 246,  77, 122,
     23, 207,  91, 189, 134,  89,   7, 121,  33,  94,  17, 111, 210, 235, 159, 147,
      3, 108,  86, 152, 160, 105,  13, 232, 138, 230, 224, 211, 110, 118, 244, 157,
    196, 127, 116, 162, 175, 245,  42,  59, 209, 143, 203,  52,  27, 226,  60,  70,
     62, 176,  39,  92, 120, 200, 106, 253, 109, 206, 126,  99, 158,  16,  36, 112,
    252, 217, 172, 153,  28, 223,  74,  20,  66,  54, 155, 221, 234,  81,   2, 182,
    124, 113, 130, 141,  21, 184,  75,  24,  47,  48,  79, 169, 216, 136, 117, 238,
     55, 233, 228, 241, 188,  68, 168, 103,  30, 139, 254,  25,  29, 202, 165, 222,
      1,  40, 197, 213,  35, 170, 114, 198, 179,  67,   5, 251,  65, 185, 104, 218,
     12, 199, 242, 190, 129,  32,  88, 236, 171, 237,  61,  83,  57,  51,  37,   9,
    148,  46, 227, 215, 173,  97,  58, 181, 133, 144, 194, 123, 204,  63, 250,  50
]

# Comma-separated format:
151, 107, 195, 71, 142, 98, 26, 78, 239, 18, 8, 208, 69, 132, 248, 225, 166, 102, 193, 45, 191, 174, 119, 87, 6, 183, 163, 19, 154, 249, 11, 44, 149, 49, 145, 243, 192, 93, 14, 240, 85, 82, 180, 137, 220, 167, 100, 156, 140, 229, 247, 96, 76, 43, 161, 115, 214, 56, 90, 84, 101, 128, 15, 164, 131, 10, 0, 146, 150, 53, 41, 80, 34, 38, 201, 72, 31, 125, 135, 4, 178, 205, 255, 64, 186, 73, 187, 22, 177, 212, 219, 231, 95, 246, 77, 122, 23, 207, 91, 189, 134, 89, 7, 121, 33, 94, 17, 111, 210, 235, 159, 147, 3, 108, 86, 152, 160, 105, 13, 232, 138, 230, 224, 211, 110, 118, 244, 157, 196, 127, 116, 162, 175, 245, 42, 59, 209, 143, 203, 52, 27, 226, 60, 70, 62, 176, 39, 92, 120, 200, 106, 253, 109, 206, 126, 99, 158, 16, 36, 112, 252, 217, 172, 153, 28, 223, 74, 20, 66, 54, 155, 221, 234, 81, 2, 182, 124, 113, 130, 141, 21, 184, 75, 24, 47, 48, 79, 169, 216, 136, 117, 238, 55, 233, 228, 241, 188, 68, 168, 103, 30, 139, 254, 25, 29, 202, 165, 222, 1, 40, 197, 213, 35, 170, 114, 198, 179, 67, 5, 251, 65, 185, 104, 218, 12, 199, 242, 190, 129, 32, 88, 236, 171, 237, 61, 83, 57, 51, 37, 9, 148, 46, 227, 215, 173, 97, 58, 181, 133, 144, 194, 123, 204, 63, 250, 50
