# Final optimized S-box - THREAD-SAFE VERSION with Early Stopping
# Generated on: 2025-09-23T06:59:32.402
# Format: 16 values per line (256 total)

sbox = UInt8[
    142, 242, 227, 192, 214, 195,  27, 105, 183, 223,   8, 208, 222, 132,  59, 225,
    246,  46, 248,  31, 114, 174, 239,  93,  83, 217, 101,  19, 154, 249, 226,  48,
    149,  49, 218,  71, 116, 213, 194, 240,  85,  82, 244,  99, 186, 167, 100, 156,
    140,  69, 203,  96,  76, 237, 161,  21, 151, 205,  90,  84, 191, 201,  15, 164,
    131,  10,   0, 146, 207,  61,  65, 109,  34,  45, 119, 148,  89, 125, 135,  80,
    178, 170,  24,  64, 177,  68, 187, 150, 220, 212, 219, 162,  95, 199, 252, 137,
     23,  18,  91, 163,  55, 255,   7,  38,  33,  94,   3, 111, 210, 235, 159, 173,
    117, 175,  86, 108, 160,  78,  13, 232, 138, 230, 224, 211, 110,  51, 185, 157,
    196, 127,  14, 231, 182, 234,  42,   4, 209, 165, 197,   6,  79, 215,  63,  70,
    179, 123,  39,  92, 120,  77, 106, 253, 193, 206, 126,  11,  56,  22,  36, 112,
    158, 245, 172,  16,  67,  37,  74,  20,  66, 250, 155, 221, 180, 118,   2, 134,
     44, 113, 130, 238,  41, 184,  75, 176,  47, 124,  26, 115, 169, 136, 102,  17,
    147, 188, 200, 241, 233,  73, 168, 103,  30, 139, 189,  25,  29, 202, 166, 228,
      1,  40, 247,  87,  35, 141, 128, 198, 143, 121,   5, 251, 153, 107, 104, 145,
     12, 229, 216, 190, 129,  32,  88, 236, 171,  43, 181,  52,  57,  81,  53,   9,
    254,  60,  98, 122, 152,  97,  58,  72, 133, 144, 243,  28, 204,  62,  54,  50
]

# Comma-separated format:
142, 242, 227, 192, 214, 195, 27, 105, 183, 223, 8, 208, 222, 132, 59, 225, 246, 46, 248, 31, 114, 174, 239, 93, 83, 217, 101, 19, 154, 249, 226, 48, 149, 49, 218, 71, 116, 213, 194, 240, 85, 82, 244, 99, 186, 167, 100, 156, 140, 69, 203, 96, 76, 237, 161, 21, 151, 205, 90, 84, 191, 201, 15, 164, 131, 10, 0, 146, 207, 61, 65, 109, 34, 45, 119, 148, 89, 125, 135, 80, 178, 170, 24, 64, 177, 68, 187, 150, 220, 212, 219, 162, 95, 199, 252, 137, 23, 18, 91, 163, 55, 255, 7, 38, 33, 94, 3, 111, 210, 235, 159, 173, 117, 175, 86, 108, 160, 78, 13, 232, 138, 230, 224, 211, 110, 51, 185, 157, 196, 127, 14, 231, 182, 234, 42, 4, 209, 165, 197, 6, 79, 215, 63, 70, 179, 123, 39, 92, 120, 77, 106, 253, 193, 206, 126, 11, 56, 22, 36, 112, 158, 245, 172, 16, 67, 37, 74, 20, 66, 250, 155, 221, 180, 118, 2, 134, 44, 113, 130, 238, 41, 184, 75, 176, 47, 124, 26, 115, 169, 136, 102, 17, 147, 188, 200, 241, 233, 73, 168, 103, 30, 139, 189, 25, 29, 202, 166, 228, 1, 40, 247, 87, 35, 141, 128, 198, 143, 121, 5, 251, 153, 107, 104, 145, 12, 229, 216, 190, 129, 32, 88, 236, 171, 43, 181, 52, 57, 81, 53, 9, 254, 60, 98, 122, 152, 97, 58, 72, 133, 144, 243, 28, 204, 62, 54, 50
