# Final optimized S-box - THREAD-SAFE VERSION with Early Stopping
# Generated on: 2025-09-16T11:48:19.640
# Format: 16 values per line (256 total)

sbox = UInt8[
    177, 107, 195, 243, 222,  98,  27,  78, 183,  82,   8,  23, 215, 132, 127, 229,
    166,   3, 206,  45, 114, 147, 239,  87,  83, 217, 116,  19,  74, 249,  11,  44,
    149,  49, 145,  71, 192,  93,  15, 240,  85,  99, 180, 255, 220, 167, 100, 156,
    140,  57, 247,  96,  76,  43, 125,  21, 151,  77,  90,  84, 207, 201, 163, 164,
    131,  10,   0, 146,  41,  53,  66,  47,  18,  38, 119, 188,  73, 208,  95, 136,
    178, 205,  16,  64, 186, 162, 154, 172, 142, 212, 219, 231, 135,  60,  80, 122,
    199, 105,  91, 189,  55,  89,   7, 121,  33,  94, 143, 111, 210, 235, 137, 128,
    102, 108,  86, 232, 160, 216,  13, 185, 138, 230, 224, 211,  51, 110, 174, 157,
    196, 109,  14, 213, 175, 234,  42,  59, 209, 246, 203,   6,  79, 176, 248,  70,
    179, 238,  39,  92, 120, 200, 106, 253, 193, 252, 126,  35,  56,  22,  36, 112,
    158,  88, 150, 161,  31, 251, 169,  20,  65, 250, 155, 148, 245, 118, 103, 134,
    124, 113, 130, 226, 191, 184,  75,  28,  63,  48,  26,  62, 159,   4, 117,  17,
    152, 221, 225, 241, 233,  68, 168, 182,  30, 139,  72,  25,  29, 202, 165, 141,
      1,  40, 197,  24,  34, 170,  52, 198,  46,  67,   5, 223, 153, 115, 104, 218,
     12, 228, 242, 190, 129,  32, 244, 236, 171, 237,  61,   2,  69,  81, 101,   9,
    254,  37, 227, 214, 173,  97,  58, 181, 133, 144, 194, 123, 204, 187,  54,  50
]

# Comma-separated format:
177, 107, 195, 243, 222, 98, 27, 78, 183, 82, 8, 23, 215, 132, 127, 229, 166, 3, 206, 45, 114, 147, 239, 87, 83, 217, 116, 19, 74, 249, 11, 44, 149, 49, 145, 71, 192, 93, 15, 240, 85, 99, 180, 255, 220, 167, 100, 156, 140, 57, 247, 96, 76, 43, 125, 21, 151, 77, 90, 84, 207, 201, 163, 164, 131, 10, 0, 146, 41, 53, 66, 47, 18, 38, 119, 188, 73, 208, 95, 136, 178, 205, 16, 64, 186, 162, 154, 172, 142, 212, 219, 231, 135, 60, 80, 122, 199, 105, 91, 189, 55, 89, 7, 121, 33, 94, 143, 111, 210, 235, 137, 128, 102, 108, 86, 232, 160, 216, 13, 185, 138, 230, 224, 211, 51, 110, 174, 157, 196, 109, 14, 213, 175, 234, 42, 59, 209, 246, 203, 6, 79, 176, 248, 70, 179, 238, 39, 92, 120, 200, 106, 253, 193, 252, 126, 35, 56, 22, 36, 112, 158, 88, 150, 161, 31, 251, 169, 20, 65, 250, 155, 148, 245, 118, 103, 134, 124, 113, 130, 226, 191, 184, 75, 28, 63, 48, 26, 62, 159, 4, 117, 17, 152, 221, 225, 241, 233, 68, 168, 182, 30, 139, 72, 25, 29, 202, 165, 141, 1, 40, 197, 24, 34, 170, 52, 198, 46, 67, 5, 223, 153, 115, 104, 218, 12, 228, 242, 190, 129, 32, 244, 236, 171, 237, 61, 2, 69, 81, 101, 9, 254, 37, 227, 214, 173, 97, 58, 181, 133, 144, 194, 123, 204, 187, 54, 50
