# Final optimized S-box - THREAD-SAFE VERSION with Early Stopping
# Generated on: 2025-09-17T03:38:16.710
# Format: 16 values per line (256 total)

sbox = UInt8[
    113, 254,   3, 241,  24,  66,  22, 227,   5,  15, 125,  35, 148, 118,  27, 201,
    174,  91,  97, 106, 143,  20,  63,  18,   6,  25,  38,  12, 142,  10, 189,  92,
     17, 144,  62, 158, 167, 231,  96, 121,  29, 110,  43, 111, 204,  36, 221, 123,
    134, 205,   7,  56,  80, 237, 154,  60,  40, 217,  67, 255, 164, 216, 130,  31,
     95, 105, 244,  53,  54, 149, 248, 122,  98,  82, 250,  37, 126, 229,  41, 199,
    235,  48,  83,  74,  77,  85,   9,  57, 207, 243, 246,   2, 225,  44,  71, 166,
    249, 159, 180, 186, 183, 236, 182, 240, 146, 203, 104, 124, 161, 131,  99,  34,
    245,  11, 169,  88,  87, 192,  51,  64,  13, 222, 119, 168, 234,  42,  84, 214,
    252,  90, 202, 101, 100, 193, 242, 135,  79,  72, 187, 191, 176, 129,  45, 152,
    102,  76, 251, 156,  89, 109, 239, 136, 138,  94,  23, 188,   8,  50, 184,  93,
     59,  70, 150,  47,  68, 165, 117, 210, 226, 195, 171, 212, 115,  14,  28,  26,
     65, 223, 228,  78,  21, 160, 137, 151,  32, 175, 127, 194,   1,  69,  30, 200,
    181, 213, 147, 107, 116,  52, 190, 141, 177,  61, 128, 153, 172,  46, 112, 133,
    170,  19, 108, 185, 114, 208,  81,  33, 247, 238, 218, 224, 211, 232, 120, 219,
    220, 230, 157,   4, 163, 198, 145,  58, 215, 233, 173,  73, 132, 206, 162, 139,
     39,  86, 155, 140,  55, 197,  49,   0, 209, 179, 178, 196,  16, 253, 103,  75
]

# Comma-separated format:
113, 254, 3, 241, 24, 66, 22, 227, 5, 15, 125, 35, 148, 118, 27, 201, 174, 91, 97, 106, 143, 20, 63, 18, 6, 25, 38, 12, 142, 10, 189, 92, 17, 144, 62, 158, 167, 231, 96, 121, 29, 110, 43, 111, 204, 36, 221, 123, 134, 205, 7, 56, 80, 237, 154, 60, 40, 217, 67, 255, 164, 216, 130, 31, 95, 105, 244, 53, 54, 149, 248, 122, 98, 82, 250, 37, 126, 229, 41, 199, 235, 48, 83, 74, 77, 85, 9, 57, 207, 243, 246, 2, 225, 44, 71, 166, 249, 159, 180, 186, 183, 236, 182, 240, 146, 203, 104, 124, 161, 131, 99, 34, 245, 11, 169, 88, 87, 192, 51, 64, 13, 222, 119, 168, 234, 42, 84, 214, 252, 90, 202, 101, 100, 193, 242, 135, 79, 72, 187, 191, 176, 129, 45, 152, 102, 76, 251, 156, 89, 109, 239, 136, 138, 94, 23, 188, 8, 50, 184, 93, 59, 70, 150, 47, 68, 165, 117, 210, 226, 195, 171, 212, 115, 14, 28, 26, 65, 223, 228, 78, 21, 160, 137, 151, 32, 175, 127, 194, 1, 69, 30, 200, 181, 213, 147, 107, 116, 52, 190, 141, 177, 61, 128, 153, 172, 46, 112, 133, 170, 19, 108, 185, 114, 208, 81, 33, 247, 238, 218, 224, 211, 232, 120, 219, 220, 230, 157, 4, 163, 198, 145, 58, 215, 233, 173, 73, 132, 206, 162, 139, 39, 86, 155, 140, 55, 197, 49, 0, 209, 179, 178, 196, 16, 253, 103, 75
