# Final optimized S-box - THREAD-SAFE VERSION with Early Stopping
# Generated on: 2025-09-15T14:12:06.088
# Format: 16 values per line (256 total)

sbox = UInt8[
    142, 107, 195, 243, 214,  98,  27,  78, 183, 117,   8, 208, 210, 132, 248, 225,
    166,   3, 221,  45, 143, 174,  40, 101,  83, 126, 163, 145, 155, 249,  36,  44,
    149,  49, 151,  71, 192,  93, 116, 240, 171,  82, 180, 137, 154, 203, 100, 167,
    140,  69, 202,   1,  76,  41, 217,  21,  19,  77, 188,  29, 191, 201,  15, 164,
    131,  10,   0, 146, 207,  53,  65,  99,  34,  67, 119, 148,  24, 125, 135,  80,
    178, 205, 255,  64, 177,  70, 187, 150, 229, 212, 223, 109,  95, 199, 252, 122,
     23,  18,  91, 189,  55,  96,   7, 121,  33, 213, 219, 111, 159, 235, 222, 182,
    102, 108,  86, 234, 160, 105,  13, 232, 138, 230, 224,  90, 110,  51, 185, 157,
    196, 127,  14,  11, 175, 141,  42,  59, 209, 246,  81,   6, 237, 226,  63,  73,
    179, 220,  39,  92, 120, 200, 106, 253, 193, 206, 161,  72,  56,  22, 162,  84,
     25, 211, 172,  16, 158,   4,  74,  20,  66, 250, 186, 216, 247,  37, 152, 134,
    124, 113, 130,   2,  43, 184,  75,  28,  47,  48,  26, 114, 169, 136, 118,  17,
    147, 239, 228, 241, 233,  54, 168, 103,  30, 139, 245,  31, 112, 176, 165, 238,
     89, 244, 197,  94,  35, 170, 128, 198,  46,  38,   5, 251, 153, 115, 104, 218,
     12, 231, 242, 190, 129,  32,  88, 236,  85,  79,  61,  52,  57, 156,  87,   9,
    254,  60, 227, 215,  50,  97,  58, 181, 133, 144, 194, 123, 204, 173,  68,  62
]

# Comma-separated format:
142, 107, 195, 243, 214, 98, 27, 78, 183, 117, 8, 208, 210, 132, 248, 225, 166, 3, 221, 45, 143, 174, 40, 101, 83, 126, 163, 145, 155, 249, 36, 44, 149, 49, 151, 71, 192, 93, 116, 240, 171, 82, 180, 137, 154, 203, 100, 167, 140, 69, 202, 1, 76, 41, 217, 21, 19, 77, 188, 29, 191, 201, 15, 164, 131, 10, 0, 146, 207, 53, 65, 99, 34, 67, 119, 148, 24, 125, 135, 80, 178, 205, 255, 64, 177, 70, 187, 150, 229, 212, 223, 109, 95, 199, 252, 122, 23, 18, 91, 189, 55, 96, 7, 121, 33, 213, 219, 111, 159, 235, 222, 182, 102, 108, 86, 234, 160, 105, 13, 232, 138, 230, 224, 90, 110, 51, 185, 157, 196, 127, 14, 11, 175, 141, 42, 59, 209, 246, 81, 6, 237, 226, 63, 73, 179, 220, 39, 92, 120, 200, 106, 253, 193, 206, 161, 72, 56, 22, 162, 84, 25, 211, 172, 16, 158, 4, 74, 20, 66, 250, 186, 216, 247, 37, 152, 134, 124, 113, 130, 2, 43, 184, 75, 28, 47, 48, 26, 114, 169, 136, 118, 17, 147, 239, 228, 241, 233, 54, 168, 103, 30, 139, 245, 31, 112, 176, 165, 238, 89, 244, 197, 94, 35, 170, 128, 198, 46, 38, 5, 251, 153, 115, 104, 218, 12, 231, 242, 190, 129, 32, 88, 236, 85, 79, 61, 52, 57, 156, 87, 9, 254, 60, 227, 215, 50, 97, 58, 181, 133, 144, 194, 123, 204, 173, 68, 62
