# Final optimized S-box - THREAD-SAFE VERSION with Early Stopping
# Generated on: 2025-09-16T21:55:52.328
# Format: 16 values per line (256 total)

sbox = UInt8[
    235, 107, 195, 243, 214,  98,  27,  78, 183,  18,   8,  49,  29, 132, 248, 225,
    166,   3,   4,  45, 114, 174, 244, 167, 179, 180, 153,  55, 154, 249,  14,  44,
    149, 165, 213, 156, 192, 116, 124, 240,  85,  82, 159, 137, 220, 218, 100,  71,
    140,  69, 247,  46,  76,  43,  83,  21, 151,  77,  90,  84, 219, 201,  15, 164,
    131,  10,   0, 146,  41,  53,  65, 231,  34,  38, 109, 148,  24, 232, 135,  80,
    178, 205,  32,  64, 187,  73, 123,  12, 177, 239, 186, 119,  95,  37, 252, 122,
     23, 160,  91, 189, 207,  89,   7, 121,  33,  94, 143,  59, 210,  72, 217,   2,
    102, 108,  86, 152,  22, 105,  13,  30, 138, 230, 224, 255, 110, 211, 185, 157,
    196, 127, 126, 162, 175, 234, 171,  81, 209, 246, 203,   6,  79, 226,  63,  70,
     51, 176,  39,  92, 120, 200, 106, 253, 193, 206,  11,  99, 161, 199,  36, 112,
    113, 221, 172,  16,  31, 145,  74,  20,  66, 250, 155, 212, 245, 118, 130, 134,
     93,  68, 142, 238, 191, 184,  75, 222,  47,  48,  26, 169, 216, 136, 117,  17,
    147, 188, 228, 241, 233,  56, 168, 103, 125, 139, 182,  25,  28, 150, 208, 141,
      1,  40, 197, 158,  35, 170, 128, 198,  96,  67,   5, 251, 163, 115, 104,  87,
    202, 229, 242, 190, 129, 223,  88, 236,  42, 237,  61,  52,  57, 111, 101,   9,
    254,  60, 227, 215, 173,  97,  58, 181, 133, 144, 194,  19, 204,  62,  54,  50
]

# Comma-separated format:
235, 107, 195, 243, 214, 98, 27, 78, 183, 18, 8, 49, 29, 132, 248, 225, 166, 3, 4, 45, 114, 174, 244, 167, 179, 180, 153, 55, 154, 249, 14, 44, 149, 165, 213, 156, 192, 116, 124, 240, 85, 82, 159, 137, 220, 218, 100, 71, 140, 69, 247, 46, 76, 43, 83, 21, 151, 77, 90, 84, 219, 201, 15, 164, 131, 10, 0, 146, 41, 53, 65, 231, 34, 38, 109, 148, 24, 232, 135, 80, 178, 205, 32, 64, 187, 73, 123, 12, 177, 239, 186, 119, 95, 37, 252, 122, 23, 160, 91, 189, 207, 89, 7, 121, 33, 94, 143, 59, 210, 72, 217, 2, 102, 108, 86, 152, 22, 105, 13, 30, 138, 230, 224, 255, 110, 211, 185, 157, 196, 127, 126, 162, 175, 234, 171, 81, 209, 246, 203, 6, 79, 226, 63, 70, 51, 176, 39, 92, 120, 200, 106, 253, 193, 206, 11, 99, 161, 199, 36, 112, 113, 221, 172, 16, 31, 145, 74, 20, 66, 250, 155, 212, 245, 118, 130, 134, 93, 68, 142, 238, 191, 184, 75, 222, 47, 48, 26, 169, 216, 136, 117, 17, 147, 188, 228, 241, 233, 56, 168, 103, 125, 139, 182, 25, 28, 150, 208, 141, 1, 40, 197, 158, 35, 170, 128, 198, 96, 67, 5, 251, 163, 115, 104, 87, 202, 229, 242, 190, 129, 223, 88, 236, 42, 237, 61, 52, 57, 111, 101, 9, 254, 60, 227, 215, 173, 97, 58, 181, 133, 144, 194, 19, 204, 62, 54, 50
