# Final optimized S-box - THREAD-SAFE VERSION with Early Stopping
# Generated on: 2025-09-12T22:30:48.260
# Format: 16 values per line (256 total)

sbox = UInt8[
    105, 130, 214,   1,  91, 235,  21,  24,  62, 248, 246,  44,  84, 211, 203, 255,
    127,  55, 171,   0, 247, 201,  53, 207, 230, 112, 222,  59, 231, 221, 252,  40,
     79,  34, 251, 120,  41, 196, 245, 183, 188, 139,  89, 170, 233, 239,  52, 135,
    192,  60, 224, 213, 167,  14,  29,  30, 124, 173,  45,  27,  54, 185, 114, 186,
     92, 113,  99, 184, 205, 243,  12,  31, 149, 179, 129,  73,  22, 223,   5,   2,
    108,  16, 107,  96, 226,  32,   3,  69, 177, 202, 178,   7,  85, 200,  28,  98,
     64,  68, 165, 237,  25,  71,  87,  90, 215,  88,   9, 153, 250, 172,  94,  82,
     39, 145,  67,  57, 212, 142,  74, 168, 117, 100,  93, 219,  83, 166, 132, 164,
    143, 133,  35,  38,  86, 195, 254,  61, 118,  70,  77, 208,  78,  17,  18, 228,
     13, 217,  58, 136, 109, 162, 169, 103, 141, 148, 210,  26, 163, 176, 216, 111,
     47,   8, 155, 151, 125, 236,  51,  11, 191, 182, 180, 110, 253, 102,  56, 131,
    128, 206, 159, 241,  20, 116, 229, 147, 197, 249, 209, 234,  81, 137, 150,  36,
     10, 225,  19,  15, 115, 119, 152, 101, 158, 198, 174,  63, 144,  23,  46, 126,
    218, 161, 190, 121, 140, 242, 146, 156,  66, 104,  50,  43, 227, 240, 204, 232,
     80,   6,  97,  48, 134, 220,  75, 194, 187,  65, 160, 244,  49,  95, 157,   4,
     76,  72, 238, 154,  37, 181, 199, 122, 175, 123, 106,  33,  42, 138, 193, 189
]

# Comma-separated format:
105, 130, 214, 1, 91, 235, 21, 24, 62, 248, 246, 44, 84, 211, 203, 255, 127, 55, 171, 0, 247, 201, 53, 207, 230, 112, 222, 59, 231, 221, 252, 40, 79, 34, 251, 120, 41, 196, 245, 183, 188, 139, 89, 170, 233, 239, 52, 135, 192, 60, 224, 213, 167, 14, 29, 30, 124, 173, 45, 27, 54, 185, 114, 186, 92, 113, 99, 184, 205, 243, 12, 31, 149, 179, 129, 73, 22, 223, 5, 2, 108, 16, 107, 96, 226, 32, 3, 69, 177, 202, 178, 7, 85, 200, 28, 98, 64, 68, 165, 237, 25, 71, 87, 90, 215, 88, 9, 153, 250, 172, 94, 82, 39, 145, 67, 57, 212, 142, 74, 168, 117, 100, 93, 219, 83, 166, 132, 164, 143, 133, 35, 38, 86, 195, 254, 61, 118, 70, 77, 208, 78, 17, 18, 228, 13, 217, 58, 136, 109, 162, 169, 103, 141, 148, 210, 26, 163, 176, 216, 111, 47, 8, 155, 151, 125, 236, 51, 11, 191, 182, 180, 110, 253, 102, 56, 131, 128, 206, 159, 241, 20, 116, 229, 147, 197, 249, 209, 234, 81, 137, 150, 36, 10, 225, 19, 15, 115, 119, 152, 101, 158, 198, 174, 63, 144, 23, 46, 126, 218, 161, 190, 121, 140, 242, 146, 156, 66, 104, 50, 43, 227, 240, 204, 232, 80, 6, 97, 48, 134, 220, 75, 194, 187, 65, 160, 244, 49, 95, 157, 4, 76, 72, 238, 154, 37, 181, 199, 122, 175, 123, 106, 33, 42, 138, 193, 189
