# Final optimized S-box - THREAD-SAFE VERSION with Early Stopping
# Generated on: 2025-09-16T13:23:56.370
# Format: 16 values per line (256 total)

sbox = UInt8[
    142, 107, 195, 243, 238,  98,  27, 140,  71,  18,   8, 247, 222, 132, 248, 127,
    166,   5, 125,  45, 114, 174, 244,  87,  83, 217, 208,  19, 154, 189, 124,  44,
    149,  49, 151,   3, 192,  93, 116, 184,  85,  82, 180,  17, 220, 167, 100, 156,
    136,  69, 163, 218,  76,  43, 161,  21,  24,  77,  90,  84, 202,  32,  15, 164,
    131,  10,   0, 146,  41,  53,  36, 109, 159,  38, 183, 148,  96,  58, 135,  80,
    178, 205,  72,  64, 186,  73, 187, 150, 177, 212, 219, 231,  95, 199,   6, 122,
     23,  37,  91, 153,  12,  89,   7, 121,  33,  94, 143,  57, 210, 235, 214, 182,
    102, 108, 126, 152,  14, 105,  13,  11, 138, 230,  59, 211, 110,  51, 185, 237,
    196, 225,  55, 253, 175, 234,  42, 207, 209, 246, 203, 252,  79, 226,  63,  70,
    179, 176,  39,  20, 120, 200, 106, 162, 193, 206, 111,  99,  56,  22, 104, 112,
    158,  61, 172,  16,  31, 168,  74, 213,  66, 250, 155, 221, 245, 118,   2, 134,
    232, 113, 130,  34, 191, 233,  75,  28,  47,  48,  26,  65, 216,  78, 117, 137,
    147, 160,  81, 241, 240,  68,  97, 103,  30, 139, 255,  25,  29, 224, 165, 141,
      1,  40, 197,  92, 144, 170, 128, 198,  46,  67, 228, 251, 249, 115, 181, 119,
    188, 229, 242, 190, 129, 201,  88, 236, 171,  54, 239,  52,  35, 145, 101,   9,
    254,  60, 227, 215, 173, 223,   4, 169, 133, 157, 194, 123, 204,  62,  86,  50
]

# Comma-separated format:
142, 107, 195, 243, 238, 98, 27, 140, 71, 18, 8, 247, 222, 132, 248, 127, 166, 5, 125, 45, 114, 174, 244, 87, 83, 217, 208, 19, 154, 189, 124, 44, 149, 49, 151, 3, 192, 93, 116, 184, 85, 82, 180, 17, 220, 167, 100, 156, 136, 69, 163, 218, 76, 43, 161, 21, 24, 77, 90, 84, 202, 32, 15, 164, 131, 10, 0, 146, 41, 53, 36, 109, 159, 38, 183, 148, 96, 58, 135, 80, 178, 205, 72, 64, 186, 73, 187, 150, 177, 212, 219, 231, 95, 199, 6, 122, 23, 37, 91, 153, 12, 89, 7, 121, 33, 94, 143, 57, 210, 235, 214, 182, 102, 108, 126, 152, 14, 105, 13, 11, 138, 230, 59, 211, 110, 51, 185, 237, 196, 225, 55, 253, 175, 234, 42, 207, 209, 246, 203, 252, 79, 226, 63, 70, 179, 176, 39, 20, 120, 200, 106, 162, 193, 206, 111, 99, 56, 22, 104, 112, 158, 61, 172, 16, 31, 168, 74, 213, 66, 250, 155, 221, 245, 118, 2, 134, 232, 113, 130, 34, 191, 233, 75, 28, 47, 48, 26, 65, 216, 78, 117, 137, 147, 160, 81, 241, 240, 68, 97, 103, 30, 139, 255, 25, 29, 224, 165, 141, 1, 40, 197, 92, 144, 170, 128, 198, 46, 67, 228, 251, 249, 115, 181, 119, 188, 229, 242, 190, 129, 201, 88, 236, 171, 54, 239, 52, 35, 145, 101, 9, 254, 60, 227, 215, 173, 223, 4, 169, 133, 157, 194, 123, 204, 62, 86, 50
