# Final optimized S-box - THREAD-SAFE VERSION with Early Stopping
# Generated on: 2025-09-22T05:54:47.342
# Format: 16 values per line (256 total)

sbox = UInt8[
    234, 170,   3, 204, 211, 229,  98, 197, 191, 184, 137, 235, 181, 124,  16,  61,
    224, 147, 142,  19, 162, 161,  57, 123,  25,  24, 203, 154,  48, 226,  67,   9,
    130,  28, 135, 186, 214,  33, 138, 118,  95, 109,  56,  46,  53,  23,  80, 239,
    178,  38,  40,  39,  45, 225, 200, 179, 143, 104,  94, 190, 246, 174, 117, 187,
    122,  64, 232, 171,  10,  36,  87, 199,  41, 163,  13, 196, 189, 133, 206,  79,
    105, 156, 228, 250, 164,  29, 202,  70,  65, 127, 177, 153, 209,  92, 216,  88,
     96,  83,  59, 152,  54, 176, 144, 185, 100,  89, 102,  26,  47, 166, 112,  99,
    167, 172,  32,  63,  30, 145, 201, 140, 213, 169, 215,  17,  14, 192, 212,  52,
    205, 125, 180,   2, 119,  68,  75,  85, 255,  11, 249,  90, 242, 108, 248, 134,
     12,   5, 146,  37, 223, 149, 136, 219, 252,  91, 116, 115, 208,  34,  81, 207,
    230, 151,  43, 254,  84, 251,   6, 194,  44, 193,  18, 114, 141, 236, 241, 247,
     97, 111, 237,  15, 157, 131, 238, 183,  66, 106, 195, 240,  60, 103, 129, 233,
    139, 155,  74, 227, 159,  49, 217,  86, 245, 110, 126, 107,  71, 150,  31, 182,
     55,  76,  93,  73, 121,   0, 158, 101, 128, 221,  58, 168, 210,  22,  27, 165,
    173,  69,   4, 132,   8,  78, 188, 220,  82,   1, 198,  42, 160, 244,  62, 218,
     20, 222, 113, 243,  72,  21,  35, 175, 120,   7, 231,  51,  50, 253,  77, 148
]

# Comma-separated format:
234, 170, 3, 204, 211, 229, 98, 197, 191, 184, 137, 235, 181, 124, 16, 61, 224, 147, 142, 19, 162, 161, 57, 123, 25, 24, 203, 154, 48, 226, 67, 9, 130, 28, 135, 186, 214, 33, 138, 118, 95, 109, 56, 46, 53, 23, 80, 239, 178, 38, 40, 39, 45, 225, 200, 179, 143, 104, 94, 190, 246, 174, 117, 187, 122, 64, 232, 171, 10, 36, 87, 199, 41, 163, 13, 196, 189, 133, 206, 79, 105, 156, 228, 250, 164, 29, 202, 70, 65, 127, 177, 153, 209, 92, 216, 88, 96, 83, 59, 152, 54, 176, 144, 185, 100, 89, 102, 26, 47, 166, 112, 99, 167, 172, 32, 63, 30, 145, 201, 140, 213, 169, 215, 17, 14, 192, 212, 52, 205, 125, 180, 2, 119, 68, 75, 85, 255, 11, 249, 90, 242, 108, 248, 134, 12, 5, 146, 37, 223, 149, 136, 219, 252, 91, 116, 115, 208, 34, 81, 207, 230, 151, 43, 254, 84, 251, 6, 194, 44, 193, 18, 114, 141, 236, 241, 247, 97, 111, 237, 15, 157, 131, 238, 183, 66, 106, 195, 240, 60, 103, 129, 233, 139, 155, 74, 227, 159, 49, 217, 86, 245, 110, 126, 107, 71, 150, 31, 182, 55, 76, 93, 73, 121, 0, 158, 101, 128, 221, 58, 168, 210, 22, 27, 165, 173, 69, 4, 132, 8, 78, 188, 220, 82, 1, 198, 42, 160, 244, 62, 218, 20, 222, 113, 243, 72, 21, 35, 175, 120, 7, 231, 51, 50, 253, 77, 148
