# Final optimized S-box - THREAD-SAFE VERSION with Early Stopping
# Generated on: 2025-09-09T15:08:11.671
# Format: 16 values per line (256 total)

sbox = UInt8[
    105, 130,  14,   1,  26, 235,  21,  91,  46, 248, 151,  44,  84, 211, 203, 255,
    111,  55, 175,   0, 232, 216, 252, 249, 230, 104, 222,  56, 231, 221,  50,  40,
     79,  34, 122, 120,  41, 196, 118, 183, 181, 171,  71, 170, 113, 239,  22, 195,
    192,  60, 112, 207, 167, 127,  29,  30, 124, 173,  45,  27,  54,  20, 247, 186,
     92,  51,  99, 184,   8, 214,  12,  31, 149, 179, 129,  73,  39, 223, 212,   2,
    108,  16,  48,  96, 226,  32,   3,  69, 177, 201, 145, 138,  85,  33,  28,  98,
    128, 224, 126, 237,  25, 115,  87,  90, 215,  88,   9,  13, 250, 172,  94,  82,
      6, 197,  67,  57, 220, 142,  74, 168, 117, 100, 251, 219,  89, 166, 132, 178,
    114, 133, 107,  38,  86, 119, 254,  61,  35,  66, 200, 208, 244,  17,  18, 228,
    152, 217,  58, 136,  15, 162, 169,  97, 141, 148, 210,  24, 135, 176,  70, 243,
     47, 161, 155, 144, 125, 236, 116,  11, 191, 182, 180, 159, 253, 102,  62,  64,
     78, 206,  83, 241, 185, 233, 229, 147,  53, 213, 209, 234,  81, 137, 150,  36,
     10, 225,  19, 109, 110, 143,   7, 103, 158, 198, 139,  63, 218,  23, 123,  37,
    246, 165, 190, 121, 140, 242, 146, 156, 202, 240, 163,  43, 227,  68, 204, 245,
     80,  52, 205, 164, 134,   5,  75, 194, 187,  65, 160, 188,  49,  95, 157,   4,
     76,  72, 238, 174, 101, 131, 199,  93, 154,  59, 106,  77,  42, 153, 193, 189
]

# Comma-separated format:
105, 130, 14, 1, 26, 235, 21, 91, 46, 248, 151, 44, 84, 211, 203, 255, 111, 55, 175, 0, 232, 216, 252, 249, 230, 104, 222, 56, 231, 221, 50, 40, 79, 34, 122, 120, 41, 196, 118, 183, 181, 171, 71, 170, 113, 239, 22, 195, 192, 60, 112, 207, 167, 127, 29, 30, 124, 173, 45, 27, 54, 20, 247, 186, 92, 51, 99, 184, 8, 214, 12, 31, 149, 179, 129, 73, 39, 223, 212, 2, 108, 16, 48, 96, 226, 32, 3, 69, 177, 201, 145, 138, 85, 33, 28, 98, 128, 224, 126, 237, 25, 115, 87, 90, 215, 88, 9, 13, 250, 172, 94, 82, 6, 197, 67, 57, 220, 142, 74, 168, 117, 100, 251, 219, 89, 166, 132, 178, 114, 133, 107, 38, 86, 119, 254, 61, 35, 66, 200, 208, 244, 17, 18, 228, 152, 217, 58, 136, 15, 162, 169, 97, 141, 148, 210, 24, 135, 176, 70, 243, 47, 161, 155, 144, 125, 236, 116, 11, 191, 182, 180, 159, 253, 102, 62, 64, 78, 206, 83, 241, 185, 233, 229, 147, 53, 213, 209, 234, 81, 137, 150, 36, 10, 225, 19, 109, 110, 143, 7, 103, 158, 198, 139, 63, 218, 23, 123, 37, 246, 165, 190, 121, 140, 242, 146, 156, 202, 240, 163, 43, 227, 68, 204, 245, 80, 52, 205, 164, 134, 5, 75, 194, 187, 65, 160, 188, 49, 95, 157, 4, 76, 72, 238, 174, 101, 131, 199, 93, 154, 59, 106, 77, 42, 153, 193, 189
