# Final optimized S-box - THREAD-SAFE VERSION with Early Stopping
# Generated on: 2025-09-20T14:16:36.486
# Format: 16 values per line (256 total)

sbox = UInt8[
    105,  13, 214, 208,  26, 235,  21,  91,  46, 248, 151,  81,  84, 211, 203, 255,
    127,  55, 174,   0, 232,  80,  53,  76, 230, 243, 222,  59, 231, 221, 252, 118,
     79,  34, 122, 120,  41, 100, 143, 183, 192, 171,  71, 130,  51, 239,  52, 152,
    188,  60, 224, 213, 167, 189,  29,  30, 124, 247,  45,  27,  54, 185, 209, 186,
     92, 113,  99, 184, 205, 194,  12,  31, 149, 179, 129,  73,  22, 223,   1,  38,
    108,  16,  88,  96, 226,  32,   3,  69, 111, 254, 145, 140,  85, 200,  28,  98,
    128,  68, 165, 237,  25, 115,  87,  90, 215, 107,   9, 170, 250, 172,  94, 212,
     39, 197,  67,  57, 220, 142, 202, 168, 117, 196, 251, 219,  89, 131, 132, 163,
    114, 133, 173, 162,  86, 195, 201,  61,  35,  70, 207, 177,  78,  17,  19, 228,
    138, 217,  48, 136, 109,   2, 169,  97, 141, 148, 210,  24, 135, 176, 137, 241,
     47,   8,   7,  82, 125, 236, 116,  11, 191, 182, 180, 161, 253, 102,  56,  64,
    123, 206, 159, 144,  20, 233, 229, 147, 178, 249,  74, 234,  44,  83, 150,  36,
     10, 225,  18,  15, 110, 119,  40, 101, 158, 198, 139,  63, 246,  23, 166, 103,
    218, 164, 190, 121, 155, 242, 146, 156,  66, 104,  50,  43,  58, 240, 204, 245,
    216,   6, 126, 193, 134,   5,  75, 112, 187, 227, 160, 244,  49,  95, 157,  14,
     77,  72, 238, 154,  37, 181, 199,  93, 175,  62, 106,  33,  42, 153,  65,   4
]

# Comma-separated format:
105, 13, 214, 208, 26, 235, 21, 91, 46, 248, 151, 81, 84, 211, 203, 255, 127, 55, 174, 0, 232, 80, 53, 76, 230, 243, 222, 59, 231, 221, 252, 118, 79, 34, 122, 120, 41, 100, 143, 183, 192, 171, 71, 130, 51, 239, 52, 152, 188, 60, 224, 213, 167, 189, 29, 30, 124, 247, 45, 27, 54, 185, 209, 186, 92, 113, 99, 184, 205, 194, 12, 31, 149, 179, 129, 73, 22, 223, 1, 38, 108, 16, 88, 96, 226, 32, 3, 69, 111, 254, 145, 140, 85, 200, 28, 98, 128, 68, 165, 237, 25, 115, 87, 90, 215, 107, 9, 170, 250, 172, 94, 212, 39, 197, 67, 57, 220, 142, 202, 168, 117, 196, 251, 219, 89, 131, 132, 163, 114, 133, 173, 162, 86, 195, 201, 61, 35, 70, 207, 177, 78, 17, 19, 228, 138, 217, 48, 136, 109, 2, 169, 97, 141, 148, 210, 24, 135, 176, 137, 241, 47, 8, 7, 82, 125, 236, 116, 11, 191, 182, 180, 161, 253, 102, 56, 64, 123, 206, 159, 144, 20, 233, 229, 147, 178, 249, 74, 234, 44, 83, 150, 36, 10, 225, 18, 15, 110, 119, 40, 101, 158, 198, 139, 63, 246, 23, 166, 103, 218, 164, 190, 121, 155, 242, 146, 156, 66, 104, 50, 43, 58, 240, 204, 245, 216, 6, 126, 193, 134, 5, 75, 112, 187, 227, 160, 244, 49, 95, 157, 14, 77, 72, 238, 154, 37, 181, 199, 93, 175, 62, 106, 33, 42, 153, 65, 4
