# Final optimized S-box - THREAD-SAFE VERSION with Early Stopping
# Generated on: 2025-09-18T12:09:35.460
# Format: 16 values per line (256 total)

sbox = UInt8[
    115, 234,   4,  48,  71,  38, 189, 183, 161, 227, 112, 190,  93, 152, 210, 199,
      9,  56,  51,  35,  21, 185, 137,  36,  83, 187, 209,  96,  57, 184,  76, 114,
    110, 122,  87, 135,  98, 181,  23,  45, 217, 155,  15, 197, 147, 151,  80,  17,
    131,  91, 239, 251,  37,  81,  69, 143, 163,  66,  18, 211,  92, 139, 241, 146,
    168, 226,  70,  50,  40, 252,  67, 129, 201,   6, 212,  61, 157, 103,  11, 238,
     90, 186,   8,   1, 231,  62, 222,  28, 116,  27, 123, 248,  30,  94, 111, 233,
    140,  55, 220, 205,  47, 253,  12, 243, 247,  99, 208, 133,  13,  39, 204, 246,
     72, 215, 160, 100, 254, 176,  65, 244, 170, 145, 159,  60, 228,  25, 196, 175,
    109, 134, 195,  64, 142, 203,  53, 182,  10,   0,  31,  75, 214,  54, 255, 124,
     34, 153,  33, 229, 141, 102, 113, 150,  82, 106,  86,  89, 138, 194, 240,  20,
    128,  14,   5,  43, 177,  59,  19,  74, 121,  58, 207, 206,  16,  73,  77, 180,
     78, 236, 164, 193,  95, 148, 171, 192, 162, 174,  32, 165, 216, 105, 221, 125,
    172, 144, 237, 232, 178, 219, 107, 149,  85, 120,  63, 118,   2, 166,  41, 250,
     44,  84, 119, 242, 225, 249,  24,  42,   3,  29, 154, 224, 130, 158, 126, 136,
     97, 173, 156, 104, 213, 188, 245,  88, 218, 132,  26,  79, 179,  52, 117, 198,
     46, 127,   7, 167, 202, 108,  49,  68, 169, 200, 101, 191, 230, 223, 235,  22
]

# Comma-separated format:
115, 234, 4, 48, 71, 38, 189, 183, 161, 227, 112, 190, 93, 152, 210, 199, 9, 56, 51, 35, 21, 185, 137, 36, 83, 187, 209, 96, 57, 184, 76, 114, 110, 122, 87, 135, 98, 181, 23, 45, 217, 155, 15, 197, 147, 151, 80, 17, 131, 91, 239, 251, 37, 81, 69, 143, 163, 66, 18, 211, 92, 139, 241, 146, 168, 226, 70, 50, 40, 252, 67, 129, 201, 6, 212, 61, 157, 103, 11, 238, 90, 186, 8, 1, 231, 62, 222, 28, 116, 27, 123, 248, 30, 94, 111, 233, 140, 55, 220, 205, 47, 253, 12, 243, 247, 99, 208, 133, 13, 39, 204, 246, 72, 215, 160, 100, 254, 176, 65, 244, 170, 145, 159, 60, 228, 25, 196, 175, 109, 134, 195, 64, 142, 203, 53, 182, 10, 0, 31, 75, 214, 54, 255, 124, 34, 153, 33, 229, 141, 102, 113, 150, 82, 106, 86, 89, 138, 194, 240, 20, 128, 14, 5, 43, 177, 59, 19, 74, 121, 58, 207, 206, 16, 73, 77, 180, 78, 236, 164, 193, 95, 148, 171, 192, 162, 174, 32, 165, 216, 105, 221, 125, 172, 144, 237, 232, 178, 219, 107, 149, 85, 120, 63, 118, 2, 166, 41, 250, 44, 84, 119, 242, 225, 249, 24, 42, 3, 29, 154, 224, 130, 158, 126, 136, 97, 173, 156, 104, 213, 188, 245, 88, 218, 132, 26, 79, 179, 52, 117, 198, 46, 127, 7, 167, 202, 108, 49, 68, 169, 200, 101, 191, 230, 223, 235, 22
