# Final optimized S-box - THREAD-SAFE VERSION with Early Stopping
# Generated on: 2025-09-14T06:50:26.430
# Format: 16 values per line (256 total)

sbox = UInt8[
    115, 234, 219, 191,  64,  38,  45, 240, 161,  49, 116,  88,  93,   5, 158, 120,
      9, 250,  51,  35,  62,   6, 137,  36,  83, 187,  89, 133, 154, 184,  44, 114,
    110, 122,  87,   0,  98, 101,  23,  69, 216, 155,  15, 251, 147, 185, 215,  17,
    131,  91, 239, 197,  37,  81, 189, 143, 253,  66, 245, 205,  92, 139,  80, 146,
    168, 226,  97, 247,  40, 252,  67,  46, 124, 254, 217, 176, 157, 103,  11, 180,
     90, 186,   8,   1,  96,  71,  57,  28, 113,  27, 112,  26, 225,  94, 174, 211,
      4, 188, 220, 132,  47, 163, 164, 243,  33,  99, 233, 167,  13,  39, 227, 231,
     12, 108, 162, 100, 210,  31,  65, 244, 170, 145, 159,   3, 228,  22, 196, 175,
    109, 134, 195, 246, 142, 144,  53,  95,  10, 194, 242,  75, 203, 222, 255, 105,
     34,  59, 172, 229, 141,  52, 123, 150,  82, 106,  86, 209, 138, 140, 102,  25,
    128,  14, 152,  74,  55,  50,  19,  43, 121, 125, 207, 206,  16,  73,  77,  70,
     24, 236, 135, 193, 119, 214, 171, 192, 129, 208,  32, 165, 248,  72, 221, 127,
    153,  58, 237, 232, 178,  18, 107, 149, 181, 199,  63, 118,   2, 166,  41,  56,
     30,  84,  78, 201, 204, 249, 182,  42,  60,  29,   7, 224, 130, 151, 190, 126,
    160, 173, 156, 104, 213, 177, 179, 238, 218, 212, 111,  79,  21, 136, 117, 198,
     76, 148, 241,  54, 202, 183,  61,  68, 169, 200,  85,  48, 230, 223, 235,  20
]

# Comma-separated format:
115, 234, 219, 191, 64, 38, 45, 240, 161, 49, 116, 88, 93, 5, 158, 120, 9, 250, 51, 35, 62, 6, 137, 36, 83, 187, 89, 133, 154, 184, 44, 114, 110, 122, 87, 0, 98, 101, 23, 69, 216, 155, 15, 251, 147, 185, 215, 17, 131, 91, 239, 197, 37, 81, 189, 143, 253, 66, 245, 205, 92, 139, 80, 146, 168, 226, 97, 247, 40, 252, 67, 46, 124, 254, 217, 176, 157, 103, 11, 180, 90, 186, 8, 1, 96, 71, 57, 28, 113, 27, 112, 26, 225, 94, 174, 211, 4, 188, 220, 132, 47, 163, 164, 243, 33, 99, 233, 167, 13, 39, 227, 231, 12, 108, 162, 100, 210, 31, 65, 244, 170, 145, 159, 3, 228, 22, 196, 175, 109, 134, 195, 246, 142, 144, 53, 95, 10, 194, 242, 75, 203, 222, 255, 105, 34, 59, 172, 229, 141, 52, 123, 150, 82, 106, 86, 209, 138, 140, 102, 25, 128, 14, 152, 74, 55, 50, 19, 43, 121, 125, 207, 206, 16, 73, 77, 70, 24, 236, 135, 193, 119, 214, 171, 192, 129, 208, 32, 165, 248, 72, 221, 127, 153, 58, 237, 232, 178, 18, 107, 149, 181, 199, 63, 118, 2, 166, 41, 56, 30, 84, 78, 201, 204, 249, 182, 42, 60, 29, 7, 224, 130, 151, 190, 126, 160, 173, 156, 104, 213, 177, 179, 238, 218, 212, 111, 79, 21, 136, 117, 198, 76, 148, 241, 54, 202, 183, 61, 68, 169, 200, 85, 48, 230, 223, 235, 20
