# Final optimized S-box - THREAD-SAFE VERSION with Early Stopping
# Generated on: 2025-09-23T18:59:45.516
# Format: 16 values per line (256 total)

sbox = UInt8[
    105, 130, 214,   1, 154, 235,  21,  91, 101, 248,  18,  44,  84,  67, 203, 255,
     80,  55, 174,  36, 232, 164,  53, 207, 230,  35, 222,  59, 231, 198, 252, 112,
     79,  34, 122, 120,  41, 196, 143, 183, 188, 171,  71, 170,  51, 239,  52, 118,
    192,  60, 224, 213, 167,  14,  29,  13, 124, 173,  45,  27,  54, 185, 247, 186,
     92, 113, 123, 184, 221, 243,  12,  31, 149, 179, 181,  73, 155, 223, 212,   0,
    108,  16, 107,  96, 210,  32,   3,  69, 177, 201, 117, 129,  85, 200,  28,  98,
    128,  68, 126, 237,  25, 145,  30,  90, 215,  22,   9,  23, 250, 172,  94,  82,
     39, 197,  83,  57, 220, 142,  74, 168, 115, 100, 251, 219,  89, 166, 132, 163,
    114, 133, 103,  38,  86, 195, 254,  61,  40,  70,  77, 208,  78,  17, 194, 228,
    138, 217,  58, 136, 109, 162, 169,  97, 211, 148, 226,  24, 135, 176, 245, 111,
     47,   8,  81, 144, 125, 236, 116,  11, 191, 182, 180, 151, 253, 102,  56,  64,
    131, 206,  88, 202,  20, 233, 229, 147, 159, 249, 209, 234, 141, 137, 150,   2,
     10, 225,  19,  15,  46, 119, 152, 127, 158, 205,  26,  63, 246,   5, 161, 216,
    218,  99, 190, 121, 140, 242, 146, 156,  66, 104,  50,  43, 227, 240, 204, 241,
    110,   6, 165,  48, 134,  87,  75, 178, 187,  65, 160, 244,  49,  95, 157,   4,
     76,  72, 238, 139,  37,   7, 199,  93, 175,  62, 106,  33,  42, 153, 193, 189
]

# Comma-separated format:
105, 130, 214, 1, 154, 235, 21, 91, 101, 248, 18, 44, 84, 67, 203, 255, 80, 55, 174, 36, 232, 164, 53, 207, 230, 35, 222, 59, 231, 198, 252, 112, 79, 34, 122, 120, 41, 196, 143, 183, 188, 171, 71, 170, 51, 239, 52, 118, 192, 60, 224, 213, 167, 14, 29, 13, 124, 173, 45, 27, 54, 185, 247, 186, 92, 113, 123, 184, 221, 243, 12, 31, 149, 179, 181, 73, 155, 223, 212, 0, 108, 16, 107, 96, 210, 32, 3, 69, 177, 201, 117, 129, 85, 200, 28, 98, 128, 68, 126, 237, 25, 145, 30, 90, 215, 22, 9, 23, 250, 172, 94, 82, 39, 197, 83, 57, 220, 142, 74, 168, 115, 100, 251, 219, 89, 166, 132, 163, 114, 133, 103, 38, 86, 195, 254, 61, 40, 70, 77, 208, 78, 17, 194, 228, 138, 217, 58, 136, 109, 162, 169, 97, 211, 148, 226, 24, 135, 176, 245, 111, 47, 8, 81, 144, 125, 236, 116, 11, 191, 182, 180, 151, 253, 102, 56, 64, 131, 206, 88, 202, 20, 233, 229, 147, 159, 249, 209, 234, 141, 137, 150, 2, 10, 225, 19, 15, 46, 119, 152, 127, 158, 205, 26, 63, 246, 5, 161, 216, 218, 99, 190, 121, 140, 242, 146, 156, 66, 104, 50, 43, 227, 240, 204, 241, 110, 6, 165, 48, 134, 87, 75, 178, 187, 65, 160, 244, 49, 95, 157, 4, 76, 72, 238, 139, 37, 7, 199, 93, 175, 62, 106, 33, 42, 153, 193, 189
