# Final optimized S-box - THREAD-SAFE VERSION with Early Stopping
# Generated on: 2025-09-21T10:45:32.787
# Format: 16 values per line (256 total)

sbox = UInt8[
    115, 234, 219, 212, 145,  38,  45,  83, 161,  17,  30,  25,  95,  57, 210,  33,
     15, 254,  51,  35,  62, 185, 137,  36, 113, 187, 209,  21, 190, 184,  44, 114,
    110, 122,  87,   0,  98, 181,  88, 166, 216, 155,  70, 241, 147, 151, 211,  73,
    131,  91, 239, 120,  37,  81, 189, 143, 253,  66, 251, 203,  93, 139,  80, 146,
    164, 226, 242,  50,  31, 252,  46,  22, 201,  69, 217, 176, 157, 103,  11, 160,
     90,  48,   8,   1,  96,  71, 152, 245,  52,  27, 123,  18, 116,  94, 174, 150,
     20, 188, 220, 205,  47, 248, 170, 243, 199,  99, 208, 133,  13,  39, 124, 246,
     72, 108,   4, 100, 250,  40, 172, 244, 225,  49,  60, 159, 228, 106, 196, 175,
    198, 134, 195,  64, 142, 240,  53, 218,  10, 194,   9,  75, 214,  54, 255, 105,
     34, 158, 247, 229, 141, 102, 112, 233,  82,  23,  86,  89, 138, 135, 127, 162,
    128,  14,   5,  74,  55,  59,  19,  43, 121, 126, 207, 206,  16, 227,  79, 140,
     78, 236, 168, 193,  77, 144, 171, 192, 129, 132,  32, 165, 111,  65, 221, 125,
     97,  58, 237, 232, 178, 180, 107, 149,  85, 197, 238, 118,   2,   6,  41,  56,
     12,  84, 119, 231, 204, 163, 182,  42,   3,  24, 154, 224, 130, 136, 222, 153,
     63, 173, 156, 104, 213, 177,  29, 179,  61, 191,  26,  92,   7, 249, 117, 109,
     76, 148, 215, 167, 202, 183,  28,  68, 169, 200, 101, 186, 230, 223, 235,  67
]

# Comma-separated format:
115, 234, 219, 212, 145, 38, 45, 83, 161, 17, 30, 25, 95, 57, 210, 33, 15, 254, 51, 35, 62, 185, 137, 36, 113, 187, 209, 21, 190, 184, 44, 114, 110, 122, 87, 0, 98, 181, 88, 166, 216, 155, 70, 241, 147, 151, 211, 73, 131, 91, 239, 120, 37, 81, 189, 143, 253, 66, 251, 203, 93, 139, 80, 146, 164, 226, 242, 50, 31, 252, 46, 22, 201, 69, 217, 176, 157, 103, 11, 160, 90, 48, 8, 1, 96, 71, 152, 245, 52, 27, 123, 18, 116, 94, 174, 150, 20, 188, 220, 205, 47, 248, 170, 243, 199, 99, 208, 133, 13, 39, 124, 246, 72, 108, 4, 100, 250, 40, 172, 244, 225, 49, 60, 159, 228, 106, 196, 175, 198, 134, 195, 64, 142, 240, 53, 218, 10, 194, 9, 75, 214, 54, 255, 105, 34, 158, 247, 229, 141, 102, 112, 233, 82, 23, 86, 89, 138, 135, 127, 162, 128, 14, 5, 74, 55, 59, 19, 43, 121, 126, 207, 206, 16, 227, 79, 140, 78, 236, 168, 193, 77, 144, 171, 192, 129, 132, 32, 165, 111, 65, 221, 125, 97, 58, 237, 232, 178, 180, 107, 149, 85, 197, 238, 118, 2, 6, 41, 56, 12, 84, 119, 231, 204, 163, 182, 42, 3, 24, 154, 224, 130, 136, 222, 153, 63, 173, 156, 104, 213, 177, 29, 179, 61, 191, 26, 92, 7, 249, 117, 109, 76, 148, 215, 167, 202, 183, 28, 68, 169, 200, 101, 186, 230, 223, 235, 67
