# Final optimized S-box - THREAD-SAFE VERSION with Early Stopping
# Generated on: 2025-09-13T10:05:46.340
# Format: 16 values per line (256 total)

sbox = UInt8[
    140, 204,   3, 241,  24, 113,  22, 227,   5,   7, 125,  35, 149,  10, 253, 201,
    174, 248,  97,  60, 143,  50, 242,  18,   6,  31,  38,  12, 142,  51, 236,  65,
     17,  41,  58, 173, 186, 231,  96, 121,  29, 110,  42,  40,  36, 220, 221, 156,
    134, 205,  63,  56,  80,  53,  16, 106, 228, 217,  67, 255, 212, 216, 130,  84,
     95,   2, 244,  61,  54, 181, 254, 122,  98, 197, 118,  37, 184,  92, 108, 199,
    235,  48,  64,  74, 165,  93, 251,  57, 207, 243, 246,  13,  91,  44,  71, 166,
    249,  66, 250, 167,  43, 126, 182, 240, 114, 203, 104, 120,  73, 131,  99,  78,
    245,  11, 169,  88,  87, 192, 180, 146, 117, 222, 119, 168, 234,  27,  82, 214,
    252,  90, 202, 101, 100, 193,  25,  33,  79,  72,   0,  34, 176, 129,  45, 152,
    102, 109,   9,  28,  89,   1, 239, 136, 138,  94,  23,  77,   8, 170, 158,  14,
     59,  85, 150,  47, 219, 133, 105, 210, 226, 195, 171, 137, 115,  76, 132,  26,
     21, 223, 111, 185, 229, 160, 124, 151, 135, 175, 127, 194,  19,  69,  30, 200,
    148, 213, 147, 107, 116,  52, 190, 141, 177, 172, 128, 153, 157,  46, 112, 188,
    162, 187, 237, 161, 154, 208,  81, 145, 247, 238, 218, 224, 211, 232,  62,  68,
     20, 144, 225,   4, 163, 198,  32, 206, 215, 233, 189, 191, 164, 230, 123, 139,
     39,  86, 155, 159,  55,  15,  49,  70, 209, 179, 178, 196,  83, 183, 103,  75
]

# Comma-separated format:
140, 204, 3, 241, 24, 113, 22, 227, 5, 7, 125, 35, 149, 10, 253, 201, 174, 248, 97, 60, 143, 50, 242, 18, 6, 31, 38, 12, 142, 51, 236, 65, 17, 41, 58, 173, 186, 231, 96, 121, 29, 110, 42, 40, 36, 220, 221, 156, 134, 205, 63, 56, 80, 53, 16, 106, 228, 217, 67, 255, 212, 216, 130, 84, 95, 2, 244, 61, 54, 181, 254, 122, 98, 197, 118, 37, 184, 92, 108, 199, 235, 48, 64, 74, 165, 93, 251, 57, 207, 243, 246, 13, 91, 44, 71, 166, 249, 66, 250, 167, 43, 126, 182, 240, 114, 203, 104, 120, 73, 131, 99, 78, 245, 11, 169, 88, 87, 192, 180, 146, 117, 222, 119, 168, 234, 27, 82, 214, 252, 90, 202, 101, 100, 193, 25, 33, 79, 72, 0, 34, 176, 129, 45, 152, 102, 109, 9, 28, 89, 1, 239, 136, 138, 94, 23, 77, 8, 170, 158, 14, 59, 85, 150, 47, 219, 133, 105, 210, 226, 195, 171, 137, 115, 76, 132, 26, 21, 223, 111, 185, 229, 160, 124, 151, 135, 175, 127, 194, 19, 69, 30, 200, 148, 213, 147, 107, 116, 52, 190, 141, 177, 172, 128, 153, 157, 46, 112, 188, 162, 187, 237, 161, 154, 208, 81, 145, 247, 238, 218, 224, 211, 232, 62, 68, 20, 144, 225, 4, 163, 198, 32, 206, 215, 233, 189, 191, 164, 230, 123, 139, 39, 86, 155, 159, 55, 15, 49, 70, 209, 179, 178, 196, 83, 183, 103, 75
