# Final optimized S-box - THREAD-SAFE VERSION with Early Stopping
# Generated on: 2025-09-16T18:25:45.971
# Format: 16 values per line (256 total)

sbox = UInt8[
    142, 109, 227,  51, 150,  98, 247,  78, 183,   2,   8, 130, 214, 132, 248, 225,
    201,   3,   4,  45, 114, 174, 244,  87,  83, 217, 172,  18, 154, 249,  11,  44,
    215, 203, 145, 246, 192,  93, 229, 240,  85,  82, 180, 131, 220,  27, 103, 112,
    140,  69, 167,  96,  76,  43,  80,  21, 151,  77,  84,  91, 181, 166,  60, 164,
    208, 255,  42, 146, 195, 224,  65, 218,  34,  38, 119, 148,  24, 107, 135, 207,
    178, 205, 144,  64, 186,  73, 187, 222, 204, 212, 219, 231, 213, 199, 252, 122,
     23, 177,  40, 189,  37,  89,   7, 121,  33,  86, 143, 243, 210, 235, 159, 182,
    102, 108,  94, 152, 160, 105,  13, 125, 138, 230,  92, 211, 110, 111, 141, 157,
    196, 127,  14, 163, 175, 234, 120,  59, 209,  71, 232,   6,  79, 226,   5,  70,
    179,  31,  39,  49,   0, 200, 106, 253, 193, 206, 126,  99, 216,  35, 123, 156,
    158, 185, 168,  16, 176, 223,  74,  20,  66, 250, 155, 221, 245,  36,  19, 134,
     15,  10, 239, 238, 124, 184,  75,  28,  47,  48,  26, 169, 188, 136, 117,  55,
    147,  52, 228, 241, 233, 118, 137, 100,  30, 139,  72,  25,  29, 202, 165, 162,
      1,  90, 197,  41,  22, 170, 128, 198,  46,  67,  63, 251, 153, 115, 104,  17,
     12, 116, 242, 190, 129,  32,  88, 236, 171, 237,  81,  56,  57,  61, 101,   9,
    254, 191,  95, 149, 173,  97,  58, 161, 133, 113, 194,  53,  68,  62,  54,  50
]

# Comma-separated format:
142, 109, 227, 51, 150, 98, 247, 78, 183, 2, 8, 130, 214, 132, 248, 225, 201, 3, 4, 45, 114, 174, 244, 87, 83, 217, 172, 18, 154, 249, 11, 44, 215, 203, 145, 246, 192, 93, 229, 240, 85, 82, 180, 131, 220, 27, 103, 112, 140, 69, 167, 96, 76, 43, 80, 21, 151, 77, 84, 91, 181, 166, 60, 164, 208, 255, 42, 146, 195, 224, 65, 218, 34, 38, 119, 148, 24, 107, 135, 207, 178, 205, 144, 64, 186, 73, 187, 222, 204, 212, 219, 231, 213, 199, 252, 122, 23, 177, 40, 189, 37, 89, 7, 121, 33, 86, 143, 243, 210, 235, 159, 182, 102, 108, 94, 152, 160, 105, 13, 125, 138, 230, 92, 211, 110, 111, 141, 157, 196, 127, 14, 163, 175, 234, 120, 59, 209, 71, 232, 6, 79, 226, 5, 70, 179, 31, 39, 49, 0, 200, 106, 253, 193, 206, 126, 99, 216, 35, 123, 156, 158, 185, 168, 16, 176, 223, 74, 20, 66, 250, 155, 221, 245, 36, 19, 134, 15, 10, 239, 238, 124, 184, 75, 28, 47, 48, 26, 169, 188, 136, 117, 55, 147, 52, 228, 241, 233, 118, 137, 100, 30, 139, 72, 25, 29, 202, 165, 162, 1, 90, 197, 41, 22, 170, 128, 198, 46, 67, 63, 251, 153, 115, 104, 17, 12, 116, 242, 190, 129, 32, 88, 236, 171, 237, 81, 56, 57, 61, 101, 9, 254, 191, 95, 149, 173, 97, 58, 161, 133, 113, 194, 53, 68, 62, 54, 50
