# Final optimized S-box - THREAD-SAFE VERSION with Early Stopping
# Generated on: 2025-09-12T09:18:21.180
# Format: 16 values per line (256 total)

sbox = UInt8[
    217,  22,   2, 204,   3, 229,  98, 197, 168,  41, 137, 235, 181,  62,  16,  63,
    224, 179, 142,  19, 162,  74,  57, 123,  25,  24,  99, 154,  48,  67, 101,   9,
    147,  29, 135, 233, 214,  33, 138, 118, 246, 109, 117,  46,  53,  23,  80, 239,
    178, 211, 165,  39,  45, 241, 200,  35, 143, 104,  94, 190, 111, 238, 124, 209,
    122,  64, 193, 171,  10,  50,  87, 199, 184, 254,  13, 196, 191, 186, 218, 223,
     75, 156, 228, 250, 202, 136, 174,  70,  65, 127,  59, 153,  27,  92, 216,  88,
     96, 131, 203, 152,  55, 176,  28, 185, 100, 215, 112,  26,  47, 166,  69, 106,
    167, 172,  79, 155,  30, 145, 201, 140,  97, 251,  17,  89,  14, 192, 212,  52,
    255, 125, 180, 164, 119,  68, 105,  85, 205,  11, 219,  90, 242, 108, 227, 134,
     12,   5, 146,  36,  32, 149, 144, 232, 252,  91, 116, 133, 208,  18, 213, 113,
    248,  81,  43, 163,  84, 189,   6, 194,  34,  61,   8, 114, 141, 161, 187, 247,
    107,  95,  58,  15, 157,  83,  38, 183,  66, 121, 195, 177,  60, 103, 129, 170,
    139, 249, 159, 207, 236,  49,  93,  86, 245, 110, 126, 230,  71, 130,  31, 182,
    150, 234,  76,  73, 225,   0, 158, 240, 128, 221,  56, 169, 210, 206, 151,   4,
    173, 102,  20, 132, 222,  78, 188, 220,  82,   1, 198,  42, 160, 244, 237, 115,
     40,  44, 226, 243,  72,  21,  54, 175, 120,   7, 231,  51,  37, 253,  77, 148
]

# Comma-separated format:
217, 22, 2, 204, 3, 229, 98, 197, 168, 41, 137, 235, 181, 62, 16, 63, 224, 179, 142, 19, 162, 74, 57, 123, 25, 24, 99, 154, 48, 67, 101, 9, 147, 29, 135, 233, 214, 33, 138, 118, 246, 109, 117, 46, 53, 23, 80, 239, 178, 211, 165, 39, 45, 241, 200, 35, 143, 104, 94, 190, 111, 238, 124, 209, 122, 64, 193, 171, 10, 50, 87, 199, 184, 254, 13, 196, 191, 186, 218, 223, 75, 156, 228, 250, 202, 136, 174, 70, 65, 127, 59, 153, 27, 92, 216, 88, 96, 131, 203, 152, 55, 176, 28, 185, 100, 215, 112, 26, 47, 166, 69, 106, 167, 172, 79, 155, 30, 145, 201, 140, 97, 251, 17, 89, 14, 192, 212, 52, 255, 125, 180, 164, 119, 68, 105, 85, 205, 11, 219, 90, 242, 108, 227, 134, 12, 5, 146, 36, 32, 149, 144, 232, 252, 91, 116, 133, 208, 18, 213, 113, 248, 81, 43, 163, 84, 189, 6, 194, 34, 61, 8, 114, 141, 161, 187, 247, 107, 95, 58, 15, 157, 83, 38, 183, 66, 121, 195, 177, 60, 103, 129, 170, 139, 249, 159, 207, 236, 49, 93, 86, 245, 110, 126, 230, 71, 130, 31, 182, 150, 234, 76, 73, 225, 0, 158, 240, 128, 221, 56, 169, 210, 206, 151, 4, 173, 102, 20, 132, 222, 78, 188, 220, 82, 1, 198, 42, 160, 244, 237, 115, 40, 44, 226, 243, 72, 21, 54, 175, 120, 7, 231, 51, 37, 253, 77, 148
