# Final optimized S-box - THREAD-SAFE VERSION with Early Stopping
# Generated on: 2025-09-20T16:37:30.047
# Format: 16 values per line (256 total)

sbox = UInt8[
    105, 130,  30,   1,  26,  78,  21,  91,  46, 251, 151,  43,  84, 211, 203, 255,
    127, 224, 174,   0, 235, 190, 109, 207, 230, 112, 222,  59, 231, 221, 248,  40,
     79,  34, 122, 120,  45, 196, 143, 183, 188, 171,  71, 170,  51, 239,  52, 214,
    192,  60, 121, 213, 167,  14,  56, 118, 141, 173,  57,  27,  54, 185, 217, 186,
     92, 113,  99, 179,   5, 243,  12,  31, 149, 189, 129, 204,  22, 205, 212,   2,
    108, 126, 241,  96, 227,  32,   3,  69, 177, 201, 145,  48,  85, 200,  28,  98,
    128,  68, 165, 237,  25, 115, 215,  90, 223,  55,   9,  13, 250, 172,  94,  82,
     39,  83,  67, 116, 220, 142,  74,  37,  61, 100, 252, 219,  88, 166, 132, 163,
    114, 133, 164,  38,  86,  19, 137, 117,  35,  70,  77, 208, 232, 107,  18, 228,
    138, 123,  58, 136,  53, 162, 169,  97, 178, 160, 210,  24, 135, 176, 202, 111,
     47,   8, 155, 144, 125, 236, 168,  11, 191, 182, 180, 197, 253, 102,  29,  64,
    131, 206, 159, 157, 148, 233, 229, 147,   7, 249, 209, 234,  81, 156, 150,  36,
     10, 225, 195,  15, 110, 119, 152, 101, 158, 198, 139,  63, 246,  23, 247, 103,
    218, 161, 216,  89, 140, 242, 146, 254,  66, 104,  50, 175, 226, 240,  87, 245,
     80,   6,  16, 124, 134,  73,  75, 194, 187,  65,  20, 244,  49,  95,  17,   4,
     76,  72, 238, 154,  41, 181, 199,  93,  44,  62, 106,  33,  42, 153, 193, 184
]

# Comma-separated format:
105, 130, 30, 1, 26, 78, 21, 91, 46, 251, 151, 43, 84, 211, 203, 255, 127, 224, 174, 0, 235, 190, 109, 207, 230, 112, 222, 59, 231, 221, 248, 40, 79, 34, 122, 120, 45, 196, 143, 183, 188, 171, 71, 170, 51, 239, 52, 214, 192, 60, 121, 213, 167, 14, 56, 118, 141, 173, 57, 27, 54, 185, 217, 186, 92, 113, 99, 179, 5, 243, 12, 31, 149, 189, 129, 204, 22, 205, 212, 2, 108, 126, 241, 96, 227, 32, 3, 69, 177, 201, 145, 48, 85, 200, 28, 98, 128, 68, 165, 237, 25, 115, 215, 90, 223, 55, 9, 13, 250, 172, 94, 82, 39, 83, 67, 116, 220, 142, 74, 37, 61, 100, 252, 219, 88, 166, 132, 163, 114, 133, 164, 38, 86, 19, 137, 117, 35, 70, 77, 208, 232, 107, 18, 228, 138, 123, 58, 136, 53, 162, 169, 97, 178, 160, 210, 24, 135, 176, 202, 111, 47, 8, 155, 144, 125, 236, 168, 11, 191, 182, 180, 197, 253, 102, 29, 64, 131, 206, 159, 157, 148, 233, 229, 147, 7, 249, 209, 234, 81, 156, 150, 36, 10, 225, 195, 15, 110, 119, 152, 101, 158, 198, 139, 63, 246, 23, 247, 103, 218, 161, 216, 89, 140, 242, 146, 254, 66, 104, 50, 175, 226, 240, 87, 245, 80, 6, 16, 124, 134, 73, 75, 194, 187, 65, 20, 244, 49, 95, 17, 4, 76, 72, 238, 154, 41, 181, 199, 93, 44, 62, 106, 33, 42, 153, 193, 184
