# Final optimized S-box - THREAD-SAFE VERSION with Early Stopping
# Generated on: 2025-09-23T19:27:39.065
# Format: 16 values per line (256 total)

sbox = UInt8[
    142,  66,  38, 243, 240,  98,  27,  78, 183,   5,   8, 208,  70, 132, 248, 225,
    166,   3, 118,  50, 216, 174, 244,  87,  83, 217, 157,  19, 154, 249, 230,  96,
    149,   1, 145,  71, 107,  93, 116,  10,  85,  79, 180, 168, 245, 167, 163, 222,
    113,  69, 247,  22,  76,  43, 161,  21, 151,  77,  90,  84, 191, 201,  15, 164,
    177,  62, 236,  18, 207,  53,  65, 109,  34, 155, 119, 195,  24, 125, 170,  80,
    178, 131, 255,  64, 190,  73,  33, 150, 205, 156, 219, 231,  95, 199, 252,  68,
     23, 192,  91, 189,  55, 135,   7, 121, 169,  94, 143, 111, 210,  37, 159, 182,
    102, 108,  86, 122, 200, 105,  30, 232,  26,  60, 136, 211, 110,  51, 254, 181,
    196, 127,   6, 162, 175, 234,  42,  59, 209, 246, 203,  44,  82, 229,  63, 212,
    179, 224,  39,  92, 120, 160, 106, 101, 193, 206, 126,  99,  56,  14,  36, 188,
    158, 239, 172,  16,  31, 223,  74,  20, 146, 250, 171, 221, 186, 228,  17, 134,
    124, 140, 130, 238,  49, 184,  75,  28,  47,  48,  11, 114, 185, 176, 117,   2,
    147, 112, 226, 241, 233, 152, 137, 103,  13, 139,  72,  25,  29, 202, 165, 141,
     41,  40, 197, 213,  35, 148, 128, 198,  46, 235,  81, 251, 153, 115, 104, 218,
     12, 123, 242, 220, 129,  32,  88,   0,  67, 253,  61,  52,  57,  89, 237,   9,
    187, 138, 227, 215, 173,  97,  58, 100, 133, 144, 194,   4, 204, 214,  54,  45
]

# Comma-separated format:
142, 66, 38, 243, 240, 98, 27, 78, 183, 5, 8, 208, 70, 132, 248, 225, 166, 3, 118, 50, 216, 174, 244, 87, 83, 217, 157, 19, 154, 249, 230, 96, 149, 1, 145, 71, 107, 93, 116, 10, 85, 79, 180, 168, 245, 167, 163, 222, 113, 69, 247, 22, 76, 43, 161, 21, 151, 77, 90, 84, 191, 201, 15, 164, 177, 62, 236, 18, 207, 53, 65, 109, 34, 155, 119, 195, 24, 125, 170, 80, 178, 131, 255, 64, 190, 73, 33, 150, 205, 156, 219, 231, 95, 199, 252, 68, 23, 192, 91, 189, 55, 135, 7, 121, 169, 94, 143, 111, 210, 37, 159, 182, 102, 108, 86, 122, 200, 105, 30, 232, 26, 60, 136, 211, 110, 51, 254, 181, 196, 127, 6, 162, 175, 234, 42, 59, 209, 246, 203, 44, 82, 229, 63, 212, 179, 224, 39, 92, 120, 160, 106, 101, 193, 206, 126, 99, 56, 14, 36, 188, 158, 239, 172, 16, 31, 223, 74, 20, 146, 250, 171, 221, 186, 228, 17, 134, 124, 140, 130, 238, 49, 184, 75, 28, 47, 48, 11, 114, 185, 176, 117, 2, 147, 112, 226, 241, 233, 152, 137, 103, 13, 139, 72, 25, 29, 202, 165, 141, 41, 40, 197, 213, 35, 148, 128, 198, 46, 235, 81, 251, 153, 115, 104, 218, 12, 123, 242, 220, 129, 32, 88, 0, 67, 253, 61, 52, 57, 89, 237, 9, 187, 138, 227, 215, 173, 97, 58, 100, 133, 144, 194, 4, 204, 214, 54, 45
