# Final optimized S-box - THREAD-SAFE VERSION with Early Stopping
# Generated on: 2025-09-22T01:58:22.445
# Format: 16 values per line (256 total)

sbox = UInt8[
    142,  61, 195, 243, 230, 228, 143,  78, 123,  18,  11, 208, 159, 132, 248, 225,
    166,   3,   4,  45, 114, 174, 244,  87,  86, 217, 163,  19, 154, 245,  15, 229,
    149,  49,  54,  71, 192,  93, 214,  28,  85,  82, 199, 137, 220, 167, 100, 156,
    140, 113, 247,  96,  76,  43, 161,  20, 151, 105,  90, 213, 207, 201,  44, 164,
    176,  10,  73, 146,  40,  53,  65, 109,  34,  38, 119, 148,  24, 125, 183,  80,
    178,  77, 255,  64, 186, 180,  23, 150, 135, 212, 219, 231,  95, 187, 106, 122,
     37,   0,  91,   8,  55,  89,   7, 121, 242,  94,  63, 111, 210,  48, 193, 182,
    102, 108, 120,  72, 160, 205,  13,   6, 138, 116, 224, 211, 110,  51, 185, 157,
    196, 131,  14, 162, 175, 234,  41,  59, 209, 246, 203, 232, 177, 226,  27,  70,
    179, 127,  57,  92,  83, 200, 252, 165, 222, 206, 126,  99,  56,  22,  79, 112,
    158, 239, 172,  16,  31, 223,  74, 198,  66, 250, 155, 194, 249, 118,   2, 134,
    124,  69, 130,  88, 191, 184,  75, 240,  47, 235,  26, 169, 216, 136, 117,  17,
    147, 188,  98, 241, 103, 233, 168,  68,   9, 139, 152,  25,  29, 202,  39, 141,
      1,  42, 197,  84,  35, 170, 128,  81,  46,  67,   5, 251, 153, 115, 104, 218,
     12, 253,  33, 190, 129,  32, 238, 236, 171, 237, 107,  52, 189, 221, 101,  30,
    254,  60, 227, 215, 173,  97,  58, 181, 133, 144,  21,  36, 204,  62, 145,  50
]

# Comma-separated format:
142, 61, 195, 243, 230, 228, 143, 78, 123, 18, 11, 208, 159, 132, 248, 225, 166, 3, 4, 45, 114, 174, 244, 87, 86, 217, 163, 19, 154, 245, 15, 229, 149, 49, 54, 71, 192, 93, 214, 28, 85, 82, 199, 137, 220, 167, 100, 156, 140, 113, 247, 96, 76, 43, 161, 20, 151, 105, 90, 213, 207, 201, 44, 164, 176, 10, 73, 146, 40, 53, 65, 109, 34, 38, 119, 148, 24, 125, 183, 80, 178, 77, 255, 64, 186, 180, 23, 150, 135, 212, 219, 231, 95, 187, 106, 122, 37, 0, 91, 8, 55, 89, 7, 121, 242, 94, 63, 111, 210, 48, 193, 182, 102, 108, 120, 72, 160, 205, 13, 6, 138, 116, 224, 211, 110, 51, 185, 157, 196, 131, 14, 162, 175, 234, 41, 59, 209, 246, 203, 232, 177, 226, 27, 70, 179, 127, 57, 92, 83, 200, 252, 165, 222, 206, 126, 99, 56, 22, 79, 112, 158, 239, 172, 16, 31, 223, 74, 198, 66, 250, 155, 194, 249, 118, 2, 134, 124, 69, 130, 88, 191, 184, 75, 240, 47, 235, 26, 169, 216, 136, 117, 17, 147, 188, 98, 241, 103, 233, 168, 68, 9, 139, 152, 25, 29, 202, 39, 141, 1, 42, 197, 84, 35, 170, 128, 81, 46, 67, 5, 251, 153, 115, 104, 218, 12, 253, 33, 190, 129, 32, 238, 236, 171, 237, 107, 52, 189, 221, 101, 30, 254, 60, 227, 215, 173, 97, 58, 181, 133, 144, 21, 36, 204, 62, 145, 50
