# Final optimized S-box - THREAD-SAFE VERSION with Early Stopping
# Generated on: 2025-09-23T07:13:01.966
# Format: 16 values per line (256 total)

sbox = UInt8[
    238,  36, 205, 243, 214, 194,  72,  78, 183,  37,  44, 208, 222, 132, 248, 225,
    166,   3,  65, 254, 216,   9, 244, 118,  17,  67, 163,  19, 154, 249,  11,  40,
    108,  49, 145,  71,  96,  81, 116,  68,  85, 106, 180, 223,  15, 236, 100, 156,
     33, 150, 247, 192,  76, 109, 161,  21, 201,  77,  90,  84, 219, 151, 178, 164,
    212,  10,   0, 146, 207, 167,   4,  30, 186, 217, 119, 148,  24, 125, 135,  80,
    228, 195, 191,   6, 213,  93, 187, 144, 220, 131, 255, 231,  95, 126, 252, 200,
     23,  18,  91, 189,  55,  89,   7, 121, 147,  94, 143, 111, 210, 104,  32,  53,
    102, 149,  86, 152, 160, 105,  13, 232, 138, 230, 224, 211, 110,  51, 185, 157,
    196, 127,  14, 162, 175,  69,  42,  59, 209, 246, 203,  64,  79, 226,  63,  70,
    174, 176,  39,  92, 120, 239,  82, 253, 193, 206, 134, 122,  56,  22, 107, 112,
    158,  99, 172,  16,  31, 159,  74,  20,  66, 250, 155, 240, 245,  98,   2, 199,
    124, 113,  87, 190,  41, 184,  75,  28,  47,  48,  26, 114, 169, 136, 117,  54,
    241, 188,  34, 170,  58,  61, 168, 103,  43, 139, 235,  25,  29, 202, 177, 141,
      1,   8, 197, 165,  35, 140, 128, 198,  46,  38,   5, 251, 153, 115,  27, 218,
     12, 229, 242, 142, 129, 137,  88, 181, 171, 237, 221,  52,  57,  73, 101, 179,
     45,  60, 227, 215, 173,  97, 233, 182, 133, 234, 130, 123, 204,  62,  83,  50
]

# Comma-separated format:
238, 36, 205, 243, 214, 194, 72, 78, 183, 37, 44, 208, 222, 132, 248, 225, 166, 3, 65, 254, 216, 9, 244, 118, 17, 67, 163, 19, 154, 249, 11, 40, 108, 49, 145, 71, 96, 81, 116, 68, 85, 106, 180, 223, 15, 236, 100, 156, 33, 150, 247, 192, 76, 109, 161, 21, 201, 77, 90, 84, 219, 151, 178, 164, 212, 10, 0, 146, 207, 167, 4, 30, 186, 217, 119, 148, 24, 125, 135, 80, 228, 195, 191, 6, 213, 93, 187, 144, 220, 131, 255, 231, 95, 126, 252, 200, 23, 18, 91, 189, 55, 89, 7, 121, 147, 94, 143, 111, 210, 104, 32, 53, 102, 149, 86, 152, 160, 105, 13, 232, 138, 230, 224, 211, 110, 51, 185, 157, 196, 127, 14, 162, 175, 69, 42, 59, 209, 246, 203, 64, 79, 226, 63, 70, 174, 176, 39, 92, 120, 239, 82, 253, 193, 206, 134, 122, 56, 22, 107, 112, 158, 99, 172, 16, 31, 159, 74, 20, 66, 250, 155, 240, 245, 98, 2, 199, 124, 113, 87, 190, 41, 184, 75, 28, 47, 48, 26, 114, 169, 136, 117, 54, 241, 188, 34, 170, 58, 61, 168, 103, 43, 139, 235, 25, 29, 202, 177, 141, 1, 8, 197, 165, 35, 140, 128, 198, 46, 38, 5, 251, 153, 115, 27, 218, 12, 229, 242, 142, 129, 137, 88, 181, 171, 237, 221, 52, 57, 73, 101, 179, 45, 60, 227, 215, 173, 97, 233, 182, 133, 234, 130, 123, 204, 62, 83, 50
