# Final optimized S-box - THREAD-SAFE VERSION with Early Stopping
# Generated on: 2025-09-18T10:31:11.133
# Format: 16 values per line (256 total)

sbox = UInt8[
    115, 234, 219,  32, 145,  55, 139, 240, 161, 227, 116,  88,  93,  33, 210,  95,
      9, 104,  51, 224,  16, 185, 137,  36,  83, 125, 209,  21,  57, 130,  44, 114,
    110, 122,  87,   0,  98,  20,  45, 216,  69, 155,  15, 251, 147, 151, 215,  17,
    131,  91, 239, 197,  37,  81, 189, 143, 253,  99,  68, 211,  92,  23,  80, 146,
    168, 226,  70,  50,  40, 252, 156,  46, 201,   6, 217, 176, 157, 103,  11, 238,
     94, 186,   8, 181, 231,  71, 222,  28, 113,  27, 123, 248,  30, 108, 174, 233,
      4, 188, 220, 205,  47, 163,  12, 243, 152,  35, 241, 133,  13,  39, 124, 246,
    200,  90,  77, 100, 175,  31,  65, 208, 170,  96, 159,  60, 228,  25, 196, 254,
    109, 134, 195,  64, 142, 203,  53, 212,  10, 194, 244,  75,  14, 230, 255, 105,
     34, 153,   1, 229, 250, 102,  26, 150,  82, 106,  86,  89, 138, 135, 127,  24,
    128, 204, 180,  74, 245,  59,  19, 193, 121, 126, 207, 206,  62, 221,   7, 140,
     78, 236, 164,  43, 199, 144, 171, 192, 129,  54, 112, 165, 111,  97,  73,  56,
    172,  58, 237, 232, 178,   2, 107, 149,  85, 120,  63, 118,   5, 166,  41, 187,
    242,  84, 119,  49, 136, 249, 182,  42,   3,  29, 154, 162, 183,  52, 190, 214,
    160, 173, 141, 184, 213,  72,  38,  76, 218, 247, 191,  79,  66, 158, 117, 225,
    179, 148, 198, 167, 202,  67,  61,  18, 169, 177, 101,  48, 132, 223, 235,  22
]

# Comma-separated format:
115, 234, 219, 32, 145, 55, 139, 240, 161, 227, 116, 88, 93, 33, 210, 95, 9, 104, 51, 224, 16, 185, 137, 36, 83, 125, 209, 21, 57, 130, 44, 114, 110, 122, 87, 0, 98, 20, 45, 216, 69, 155, 15, 251, 147, 151, 215, 17, 131, 91, 239, 197, 37, 81, 189, 143, 253, 99, 68, 211, 92, 23, 80, 146, 168, 226, 70, 50, 40, 252, 156, 46, 201, 6, 217, 176, 157, 103, 11, 238, 94, 186, 8, 181, 231, 71, 222, 28, 113, 27, 123, 248, 30, 108, 174, 233, 4, 188, 220, 205, 47, 163, 12, 243, 152, 35, 241, 133, 13, 39, 124, 246, 200, 90, 77, 100, 175, 31, 65, 208, 170, 96, 159, 60, 228, 25, 196, 254, 109, 134, 195, 64, 142, 203, 53, 212, 10, 194, 244, 75, 14, 230, 255, 105, 34, 153, 1, 229, 250, 102, 26, 150, 82, 106, 86, 89, 138, 135, 127, 24, 128, 204, 180, 74, 245, 59, 19, 193, 121, 126, 207, 206, 62, 221, 7, 140, 78, 236, 164, 43, 199, 144, 171, 192, 129, 54, 112, 165, 111, 97, 73, 56, 172, 58, 237, 232, 178, 2, 107, 149, 85, 120, 63, 118, 5, 166, 41, 187, 242, 84, 119, 49, 136, 249, 182, 42, 3, 29, 154, 162, 183, 52, 190, 214, 160, 173, 141, 184, 213, 72, 38, 76, 218, 247, 191, 79, 66, 158, 117, 225, 179, 148, 198, 167, 202, 67, 61, 18, 169, 177, 101, 48, 132, 223, 235, 22
