# Final optimized S-box - THREAD-SAFE VERSION with Early Stopping
# Generated on: 2025-09-11T17:18:25.969
# Format: 16 values per line (256 total)

sbox = UInt8[
    217, 218,   6, 204,   3, 229,  98, 168, 169,  87, 137, 235, 181,  56,  16,  61,
    224, 179, 138,  19, 162,  74,  46,  80,  25,  24, 203, 154,  48,  67, 225,   9,
    130,  29, 135, 200, 214,  33, 131, 118, 215, 109, 117, 126,  53,  23, 114,  38,
    178, 211, 165,  39,  45, 241, 136,  55, 250, 104,  94, 190, 111, 202,  85,  32,
    122,  64, 237, 156, 102,  50, 121, 199, 184, 254,  13, 196, 189, 186, 206,   2,
     75, 173, 228,  86, 188,  28, 174,  70,  65, 127,  59, 153, 209,  92, 216,  88,
     96,  83,  97, 152,  54,  72, 144, 185, 100,  89,  10,  26,  47, 166,  76,  99,
    167, 172, 163, 155,  30, 145, 176, 140, 213, 191, 210,  17,  14, 192, 212,  52,
    255, 125, 180, 164, 119,  68, 105, 124, 205,  11, 219,  90, 242, 108, 227, 134,
     12,   7, 146,  36,  63, 149,  62, 232, 252,  91, 116, 115, 208,  18,  81, 113,
    248,  41,  43, 151,  84, 142,   5, 194, 236, 193, 222, 123, 141, 161, 187, 247,
    101,  95, 177,  15, 197, 170, 238, 183,  66, 106, 195, 133,  60, 103, 129, 182,
    139, 249, 159, 207, 201,  49,  93, 143, 245, 110, 251, 107,  71, 150,  31,  57,
    147, 234,  79,  73, 230,   0, 158, 240, 128, 244,  58, 157, 246,  22,  27,   4,
    171,  69,  20, 132,   8,  78, 239, 220,  82,   1, 198,  42, 160,  34, 223, 233,
     40,  44, 226, 243, 221,  21,  35, 175, 120, 112, 231,  51,  37, 253,  77, 148
]

# Comma-separated format:
217, 218, 6, 204, 3, 229, 98, 168, 169, 87, 137, 235, 181, 56, 16, 61, 224, 179, 138, 19, 162, 74, 46, 80, 25, 24, 203, 154, 48, 67, 225, 9, 130, 29, 135, 200, 214, 33, 131, 118, 215, 109, 117, 126, 53, 23, 114, 38, 178, 211, 165, 39, 45, 241, 136, 55, 250, 104, 94, 190, 111, 202, 85, 32, 122, 64, 237, 156, 102, 50, 121, 199, 184, 254, 13, 196, 189, 186, 206, 2, 75, 173, 228, 86, 188, 28, 174, 70, 65, 127, 59, 153, 209, 92, 216, 88, 96, 83, 97, 152, 54, 72, 144, 185, 100, 89, 10, 26, 47, 166, 76, 99, 167, 172, 163, 155, 30, 145, 176, 140, 213, 191, 210, 17, 14, 192, 212, 52, 255, 125, 180, 164, 119, 68, 105, 124, 205, 11, 219, 90, 242, 108, 227, 134, 12, 7, 146, 36, 63, 149, 62, 232, 252, 91, 116, 115, 208, 18, 81, 113, 248, 41, 43, 151, 84, 142, 5, 194, 236, 193, 222, 123, 141, 161, 187, 247, 101, 95, 177, 15, 197, 170, 238, 183, 66, 106, 195, 133, 60, 103, 129, 182, 139, 249, 159, 207, 201, 49, 93, 143, 245, 110, 251, 107, 71, 150, 31, 57, 147, 234, 79, 73, 230, 0, 158, 240, 128, 244, 58, 157, 246, 22, 27, 4, 171, 69, 20, 132, 8, 78, 239, 220, 82, 1, 198, 42, 160, 34, 223, 233, 40, 44, 226, 243, 221, 21, 35, 175, 120, 112, 231, 51, 37, 253, 77, 148
