# Final optimized S-box - THREAD-SAFE VERSION with Early Stopping
# Generated on: 2025-09-10T21:08:55.614
# Format: 16 values per line (256 total)

sbox = UInt8[
    105, 130, 214,   1,  26, 235, 181,  91,  46, 248, 151, 212, 210, 211, 203,  75,
    127,  55, 174,   0, 232, 216,  53,  15,  84, 112, 222,  59, 231, 221,  36,  40,
     79,  34, 122, 120,  41, 196, 144, 183, 188, 171,  71, 170,  51, 239,  52, 143,
    106,  28, 224, 129, 167,  14,  29,  30, 124, 173,  45,  27,  54, 185, 247, 186,
     92, 113,  99, 162, 205, 243,  56,  31, 149, 179, 213, 118, 164, 223,  20,   2,
    108, 134, 255, 228, 226,  32,   3,  69, 177, 202, 145,   7,  85, 200,  60,  98,
    128,  68, 126, 237,  25, 115,  62,  90, 215,  88,   9,  13, 250, 172,  94,  82,
     39, 197,  67,  57, 220, 142,  74, 168, 117, 100, 251, 219,  89, 166, 150, 163,
    192,  21, 184,  38,  86, 195, 254,  61,  35,  70,  77, 208,  78,  17,  18, 229,
    138, 217,  58, 136, 109, 189, 169,  97, 141,   5, 230,  24, 135, 176, 236, 111,
     47,   8, 153, 198, 125, 201, 116,  11, 154,  49, 180, 119, 253, 102, 152,  64,
    131, 206, 159, 241,  44, 233,  96, 155, 178, 249, 209, 234,  81, 137, 146, 244,
     10, 225,  19,  23, 110,  93,  12, 101, 158,  73, 139,  63, 246, 207, 123, 103,
    218, 161, 190, 121, 148,  87, 132, 156,  66, 104,  50,  43, 227, 240, 204, 245,
     80,   6, 165,  48, 133,  22, 107, 194, 187,  65, 160, 252, 182,  95, 157,   4,
     76,  72, 238, 191,  37,  16, 199,  83, 175, 242, 114,  33,  42, 147, 193, 140
]

# Comma-separated format:
105, 130, 214, 1, 26, 235, 181, 91, 46, 248, 151, 212, 210, 211, 203, 75, 127, 55, 174, 0, 232, 216, 53, 15, 84, 112, 222, 59, 231, 221, 36, 40, 79, 34, 122, 120, 41, 196, 144, 183, 188, 171, 71, 170, 51, 239, 52, 143, 106, 28, 224, 129, 167, 14, 29, 30, 124, 173, 45, 27, 54, 185, 247, 186, 92, 113, 99, 162, 205, 243, 56, 31, 149, 179, 213, 118, 164, 223, 20, 2, 108, 134, 255, 228, 226, 32, 3, 69, 177, 202, 145, 7, 85, 200, 60, 98, 128, 68, 126, 237, 25, 115, 62, 90, 215, 88, 9, 13, 250, 172, 94, 82, 39, 197, 67, 57, 220, 142, 74, 168, 117, 100, 251, 219, 89, 166, 150, 163, 192, 21, 184, 38, 86, 195, 254, 61, 35, 70, 77, 208, 78, 17, 18, 229, 138, 217, 58, 136, 109, 189, 169, 97, 141, 5, 230, 24, 135, 176, 236, 111, 47, 8, 153, 198, 125, 201, 116, 11, 154, 49, 180, 119, 253, 102, 152, 64, 131, 206, 159, 241, 44, 233, 96, 155, 178, 249, 209, 234, 81, 137, 146, 244, 10, 225, 19, 23, 110, 93, 12, 101, 158, 73, 139, 63, 246, 207, 123, 103, 218, 161, 190, 121, 148, 87, 132, 156, 66, 104, 50, 43, 227, 240, 204, 245, 80, 6, 165, 48, 133, 22, 107, 194, 187, 65, 160, 252, 182, 95, 157, 4, 76, 72, 238, 191, 37, 16, 199, 83, 175, 242, 114, 33, 42, 147, 193, 140
