# Final optimized S-box - THREAD-SAFE VERSION with Early Stopping
# Generated on: 2025-09-18T08:02:28.669
# Format: 16 values per line (256 total)

sbox = UInt8[
     66, 230,   3, 241,  24, 113,  22, 227,   5,   7, 197,  35, 148,  10,  43, 201,
    174,  91,  97,  56, 143, 116, 242,  18,   6,  25,  38, 107, 142,  51, 236,  92,
     17, 159, 120, 158, 167, 231,  96, 121,  29, 110,  42, 106, 156,  36,  89, 123,
    134, 205, 165,  41,  80,  53,  16, 170, 228, 217,  67, 255, 212, 216, 130,  31,
     95,  90, 244, 157,  54, 149, 254, 122,  98,  82, 118,  37,   2, 229, 138, 199,
    235,  48,  77,  15,  60,  85,   9,  57, 207, 243, 246,  13,  87,  44,  71,  40,
    249,  27, 250, 186, 183, 198, 182, 240, 114, 108, 104, 204, 237, 131,  99, 252,
    245,  11, 169,  88,  14, 192, 180, 146, 117, 222, 119, 168, 234,  63,  81, 214,
    181, 184, 202, 161, 100, 125,  47, 135,  79,  72, 187,  34, 176, 129,  45,  59,
    102,  93, 251,  28,  65,  55, 239, 126, 203,  94,  23,  76,  32,  50, 136, 144,
    137,  70, 150,  74,  68, 133, 219, 210, 226, 195, 171, 132, 115,  64,  84,  26,
    221, 223, 111,  73,  21, 160, 152, 151, 191, 175, 127, 194,  19,  69,  30, 200,
     78, 213, 147,  12,  20,  52, 190, 141, 177,  61, 128, 153, 172,  46, 112, 188,
    185,   0, 101, 166, 154, 208, 124, 145, 247, 238, 218, 109, 211, 232,  62, 224,
    220, 248, 225,   4, 163, 173,  33,  58, 215, 233, 189,   8, 164, 206, 162, 139,
     39,  86, 155, 140, 105, 193,  49,   1, 209, 179, 178, 196,  83, 253, 103,  75
]

# Comma-separated format:
66, 230, 3, 241, 24, 113, 22, 227, 5, 7, 197, 35, 148, 10, 43, 201, 174, 91, 97, 56, 143, 116, 242, 18, 6, 25, 38, 107, 142, 51, 236, 92, 17, 159, 120, 158, 167, 231, 96, 121, 29, 110, 42, 106, 156, 36, 89, 123, 134, 205, 165, 41, 80, 53, 16, 170, 228, 217, 67, 255, 212, 216, 130, 31, 95, 90, 244, 157, 54, 149, 254, 122, 98, 82, 118, 37, 2, 229, 138, 199, 235, 48, 77, 15, 60, 85, 9, 57, 207, 243, 246, 13, 87, 44, 71, 40, 249, 27, 250, 186, 183, 198, 182, 240, 114, 108, 104, 204, 237, 131, 99, 252, 245, 11, 169, 88, 14, 192, 180, 146, 117, 222, 119, 168, 234, 63, 81, 214, 181, 184, 202, 161, 100, 125, 47, 135, 79, 72, 187, 34, 176, 129, 45, 59, 102, 93, 251, 28, 65, 55, 239, 126, 203, 94, 23, 76, 32, 50, 136, 144, 137, 70, 150, 74, 68, 133, 219, 210, 226, 195, 171, 132, 115, 64, 84, 26, 221, 223, 111, 73, 21, 160, 152, 151, 191, 175, 127, 194, 19, 69, 30, 200, 78, 213, 147, 12, 20, 52, 190, 141, 177, 61, 128, 153, 172, 46, 112, 188, 185, 0, 101, 166, 154, 208, 124, 145, 247, 238, 218, 109, 211, 232, 62, 224, 220, 248, 225, 4, 163, 173, 33, 58, 215, 233, 189, 8, 164, 206, 162, 139, 39, 86, 155, 140, 105, 193, 49, 1, 209, 179, 178, 196, 83, 253, 103, 75
