# Final optimized S-box - THREAD-SAFE VERSION with Early Stopping
# Generated on: 2025-09-10T20:31:09.651
# Format: 16 values per line (256 total)

sbox = UInt8[
    142, 107, 195, 243, 214,  98,  27,  78, 183,  37,   8, 215, 222, 132, 248,  52,
    166,   3,   4,  45, 216, 174, 159, 190,  83, 143, 163,  48, 154, 249,  11,  63,
    218,  49, 147, 213, 192,  93, 116,  91,  85,  82, 180, 137,  87,   2, 100, 156,
    140, 101, 247,  96,  76,  43, 161,  21, 151,  77,  90,  84, 191, 201,  15, 164,
    131,  10, 230, 146, 207,  53,  65, 109,  34,  67, 119, 148, 193, 244, 135, 168,
    178, 205, 255,  64,  35, 170, 187,  42, 220, 253,  22, 231,  95, 199, 173, 122,
     38,  18, 186, 189,  55,  89,   7, 121,  97,  94, 217, 111, 212, 235, 167,  99,
    102, 108,  86, 152, 160, 105,  13, 194, 138,  36, 224, 211, 110,  51, 185, 157,
    196, 127,  12, 162, 175, 234, 198,  59, 209,  23, 203,   6,  79, 226,  44,  70,
    179,  60,  39,  92, 120, 200, 106, 210,  24, 177, 126,  71,  56,  68,   0, 112,
    158, 239, 172,  16,  31, 223,  74,  80,  66, 250, 155, 221, 176, 130, 125, 134,
    124, 113, 118, 238,  41, 184,  75,  28,  47, 123,  26, 114, 169, 136, 117,  17,
    153, 188, 228, 241, 233, 182,  32, 103,  72, 139,  30,  25,  29, 202, 165, 141,
      1,  40, 197,  50, 206,  73, 128, 150,  46, 219,   5, 251, 145, 115, 104, 149,
    246, 229, 242,  14, 129,  33,  88, 236, 171, 237,  61, 225,  57,  81,  69,   9,
    254, 245, 227, 208, 252,  20,  58, 181, 133, 144, 232,  19, 204,  62,  54, 240
]

# Comma-separated format:
142, 107, 195, 243, 214, 98, 27, 78, 183, 37, 8, 215, 222, 132, 248, 52, 166, 3, 4, 45, 216, 174, 159, 190, 83, 143, 163, 48, 154, 249, 11, 63, 218, 49, 147, 213, 192, 93, 116, 91, 85, 82, 180, 137, 87, 2, 100, 156, 140, 101, 247, 96, 76, 43, 161, 21, 151, 77, 90, 84, 191, 201, 15, 164, 131, 10, 230, 146, 207, 53, 65, 109, 34, 67, 119, 148, 193, 244, 135, 168, 178, 205, 255, 64, 35, 170, 187, 42, 220, 253, 22, 231, 95, 199, 173, 122, 38, 18, 186, 189, 55, 89, 7, 121, 97, 94, 217, 111, 212, 235, 167, 99, 102, 108, 86, 152, 160, 105, 13, 194, 138, 36, 224, 211, 110, 51, 185, 157, 196, 127, 12, 162, 175, 234, 198, 59, 209, 23, 203, 6, 79, 226, 44, 70, 179, 60, 39, 92, 120, 200, 106, 210, 24, 177, 126, 71, 56, 68, 0, 112, 158, 239, 172, 16, 31, 223, 74, 80, 66, 250, 155, 221, 176, 130, 125, 134, 124, 113, 118, 238, 41, 184, 75, 28, 47, 123, 26, 114, 169, 136, 117, 17, 153, 188, 228, 241, 233, 182, 32, 103, 72, 139, 30, 25, 29, 202, 165, 141, 1, 40, 197, 50, 206, 73, 128, 150, 46, 219, 5, 251, 145, 115, 104, 149, 246, 229, 242, 14, 129, 33, 88, 236, 171, 237, 61, 225, 57, 81, 69, 9, 254, 245, 227, 208, 252, 20, 58, 181, 133, 144, 232, 19, 204, 62, 54, 240
