# Final optimized S-box - THREAD-SAFE VERSION with Early Stopping
# Generated on: 2025-09-14T20:19:10.999
# Format: 16 values per line (256 total)

sbox = UInt8[
    142, 107, 195, 243, 219,  98,  27,  78, 183, 229,   8, 194, 222, 132, 248, 225,
    175, 192,   4,  45, 216, 220, 244,   3, 123,  64, 172,  19, 154, 250,  11,  44,
    149,  49, 145,  71,  52,  93, 116, 161, 182, 169, 180, 137, 186,  39, 100, 156,
    140,  69, 247,   6,  76,  43, 240,  23,  85,  77,  90, 205, 191, 201, 214, 148,
    131,  10,   0, 146, 207,  53,  65, 109,  34,  67, 119, 188,  24, 125, 135,  80,
    178, 228, 189,  68, 249,  73, 187, 150, 108,  74,  15, 245,  95, 199, 252, 122,
     55,  14,  91, 227, 212,  89,   7, 121,  33,  94, 143, 111, 210, 235, 159, 151,
    102, 129,  86, 152, 160, 105,  13, 232, 138, 230, 224, 211, 110,  12, 185, 231,
    196, 127,  22, 162, 165,  42, 166,  59, 155, 167, 203,  96,  83, 226,  63,  70,
    179, 176,  35,  92, 120, 200, 106, 253, 193, 208, 126, 239,  56,  18,  36, 112,
    158, 251, 163,  16,  31, 170,  37,  20,  66, 177, 217, 221, 157, 118,  87, 134,
    124, 113, 130, 234,  41, 184,  75,  28,  47,  48,  26, 114,  82, 136, 117,  17,
    147, 164,  84, 241, 233, 209, 168, 103,  30, 139, 206,  25,  29, 202, 238, 141,
      1,  40, 197,   2, 213, 246, 128, 198,  46,  38,   5,  99, 153, 115,  21, 218,
     51, 104, 242, 190, 174,  32,  88, 236, 171, 237,  61, 223,  57,  81, 101,   9,
    254,  62, 255, 215, 173,  97,  58, 181, 133, 144,  72,  79, 204,  60,  54,  50
]

# Comma-separated format:
142, 107, 195, 243, 219, 98, 27, 78, 183, 229, 8, 194, 222, 132, 248, 225, 175, 192, 4, 45, 216, 220, 244, 3, 123, 64, 172, 19, 154, 250, 11, 44, 149, 49, 145, 71, 52, 93, 116, 161, 182, 169, 180, 137, 186, 39, 100, 156, 140, 69, 247, 6, 76, 43, 240, 23, 85, 77, 90, 205, 191, 201, 214, 148, 131, 10, 0, 146, 207, 53, 65, 109, 34, 67, 119, 188, 24, 125, 135, 80, 178, 228, 189, 68, 249, 73, 187, 150, 108, 74, 15, 245, 95, 199, 252, 122, 55, 14, 91, 227, 212, 89, 7, 121, 33, 94, 143, 111, 210, 235, 159, 151, 102, 129, 86, 152, 160, 105, 13, 232, 138, 230, 224, 211, 110, 12, 185, 231, 196, 127, 22, 162, 165, 42, 166, 59, 155, 167, 203, 96, 83, 226, 63, 70, 179, 176, 35, 92, 120, 200, 106, 253, 193, 208, 126, 239, 56, 18, 36, 112, 158, 251, 163, 16, 31, 170, 37, 20, 66, 177, 217, 221, 157, 118, 87, 134, 124, 113, 130, 234, 41, 184, 75, 28, 47, 48, 26, 114, 82, 136, 117, 17, 147, 164, 84, 241, 233, 209, 168, 103, 30, 139, 206, 25, 29, 202, 238, 141, 1, 40, 197, 2, 213, 246, 128, 198, 46, 38, 5, 99, 153, 115, 21, 218, 51, 104, 242, 190, 174, 32, 88, 236, 171, 237, 61, 223, 57, 81, 101, 9, 254, 62, 255, 215, 173, 97, 58, 181, 133, 144, 72, 79, 204, 60, 54, 50
