# Final optimized S-box - THREAD-SAFE VERSION with Early Stopping
# Generated on: 2025-09-10T23:53:32.685
# Format: 16 values per line (256 total)

sbox = UInt8[
    105, 130, 214,   1, 159, 235, 133,  91,  46, 248, 151,  44,  84, 211, 203, 140,
    127,  55, 174,   0, 232, 152,  53, 207, 230, 124, 222,  59, 231, 221, 252,  40,
     79,  34, 122, 120,  41, 196, 118, 165, 188, 171,  71, 170,  51, 239,  52, 212,
    192,  60, 224, 119, 167,  70,  29,  30,  94, 173,  62,  27,  54,  26, 247, 186,
     92, 113,  99, 184, 205, 243,  12,  31, 149, 179, 198,  73,  22, 223,  45,   2,
    108, 249, 107,  96, 226,  32,   3,  69, 177, 201, 145,   7,  85, 210,  28,  24,
    128,  68, 126, 237,  25, 115,  87,  90, 215,  88,   9,  13, 250, 255, 112,  82,
     39, 123,  67,  57, 220, 142,  74, 194, 213, 100, 251, 219,  89,  16, 132, 163,
    164,   5, 110,  38,  86, 195, 254,  61,  35,   6, 117, 208,  76,  17,  18, 228,
    200, 116,  58, 136, 109, 162, 169,  97, 141, 148, 216, 106,  77, 176, 202, 111,
     47,   8, 155,  78, 125, 236, 217,  11, 191, 182, 180, 135, 253, 102, 175,  64,
    131, 206, 185, 241,  20, 233, 229, 147, 178, 138, 209, 234,  83, 137, 150,  36,
     10, 225,  19,  15, 114,  81, 190, 101, 158, 129, 139,  63, 246,  23, 197, 103,
    218, 161, 166, 121, 172, 242, 146, 156,  66, 104,  50,  43, 227, 240, 204, 245,
     80,  14, 183,  48, 134,  21,  75, 168, 187,  65,  56, 244,  49,  95, 157,   4,
    144,  72, 238, 154,  37, 181, 199,  93, 160, 143,  98,  33,  42, 153, 193, 189
]

# Comma-separated format:
105, 130, 214, 1, 159, 235, 133, 91, 46, 248, 151, 44, 84, 211, 203, 140, 127, 55, 174, 0, 232, 152, 53, 207, 230, 124, 222, 59, 231, 221, 252, 40, 79, 34, 122, 120, 41, 196, 118, 165, 188, 171, 71, 170, 51, 239, 52, 212, 192, 60, 224, 119, 167, 70, 29, 30, 94, 173, 62, 27, 54, 26, 247, 186, 92, 113, 99, 184, 205, 243, 12, 31, 149, 179, 198, 73, 22, 223, 45, 2, 108, 249, 107, 96, 226, 32, 3, 69, 177, 201, 145, 7, 85, 210, 28, 24, 128, 68, 126, 237, 25, 115, 87, 90, 215, 88, 9, 13, 250, 255, 112, 82, 39, 123, 67, 57, 220, 142, 74, 194, 213, 100, 251, 219, 89, 16, 132, 163, 164, 5, 110, 38, 86, 195, 254, 61, 35, 6, 117, 208, 76, 17, 18, 228, 200, 116, 58, 136, 109, 162, 169, 97, 141, 148, 216, 106, 77, 176, 202, 111, 47, 8, 155, 78, 125, 236, 217, 11, 191, 182, 180, 135, 253, 102, 175, 64, 131, 206, 185, 241, 20, 233, 229, 147, 178, 138, 209, 234, 83, 137, 150, 36, 10, 225, 19, 15, 114, 81, 190, 101, 158, 129, 139, 63, 246, 23, 197, 103, 218, 161, 166, 121, 172, 242, 146, 156, 66, 104, 50, 43, 227, 240, 204, 245, 80, 14, 183, 48, 134, 21, 75, 168, 187, 65, 56, 244, 49, 95, 157, 4, 144, 72, 238, 154, 37, 181, 199, 93, 160, 143, 98, 33, 42, 153, 193, 189
