# Final optimized S-box - THREAD-SAFE VERSION with Early Stopping
# Generated on: 2025-09-15T08:37:25.863
# Format: 16 values per line (256 total)

sbox = UInt8[
    142, 216, 139,  22,  72,  98, 114,  78, 183,  18,  47, 143, 222, 132, 248, 225,
    166,   3, 226,  45, 122, 249, 244,  87,  83, 196,  51,  19, 154,  85,  11,  44,
    239,  49, 145,  71,  24,  93,  12, 240, 174,  82, 180, 137, 220, 167, 100, 156,
    140,  69, 247, 187,  76,  43, 161,  21,  91,  77,  90,  84, 207, 201, 217, 164,
    131,   4,   0, 146,  41,  53,  65, 149,  34,  38, 116, 223, 192, 125, 135,  80,
    178, 205, 255,  64, 235,  14,   8,  15, 177, 212, 219, 231, 123, 124,  28, 126,
     16, 210, 151, 189,  55,  89, 128, 121,  33,  94, 208, 111,  37, 250, 150, 182,
    228, 108,  62, 152, 160,  81,  13, 232, 138, 230, 224, 211, 162, 236, 185, 157,
    159,  29, 119,  95, 163, 234,  42,  59, 209, 246, 203,   6,  79,  10,  63,  70,
    179,  57,  39,  92, 120, 200, 106, 253, 193, 206, 110,  99, 169, 118,  36, 229,
    158, 144, 172,  86,  31, 102,  74,  20,  66, 186, 155, 221, 105, 243, 107,  30,
    199, 113, 130, 238, 191, 184,  75,  23,  96,  48,  50,  56,   2, 136, 117,  17,
    147, 188,  35, 241, 233,  68, 168, 103, 252, 195, 214,  25, 127, 202, 165, 141,
      1,  40, 197, 213, 148, 170,   7, 198,  46,  67,   5, 251, 153, 115, 104, 218,
     73, 112, 242, 190, 129,  32,  88, 175, 173, 237,  61,  52, 176, 245,  27,   9,
    254,  60, 227, 215, 134,  97,  58, 181, 133, 109, 194,  26, 204, 171,  54, 101
]

# Comma-separated format:
142, 216, 139, 22, 72, 98, 114, 78, 183, 18, 47, 143, 222, 132, 248, 225, 166, 3, 226, 45, 122, 249, 244, 87, 83, 196, 51, 19, 154, 85, 11, 44, 239, 49, 145, 71, 24, 93, 12, 240, 174, 82, 180, 137, 220, 167, 100, 156, 140, 69, 247, 187, 76, 43, 161, 21, 91, 77, 90, 84, 207, 201, 217, 164, 131, 4, 0, 146, 41, 53, 65, 149, 34, 38, 116, 223, 192, 125, 135, 80, 178, 205, 255, 64, 235, 14, 8, 15, 177, 212, 219, 231, 123, 124, 28, 126, 16, 210, 151, 189, 55, 89, 128, 121, 33, 94, 208, 111, 37, 250, 150, 182, 228, 108, 62, 152, 160, 81, 13, 232, 138, 230, 224, 211, 162, 236, 185, 157, 159, 29, 119, 95, 163, 234, 42, 59, 209, 246, 203, 6, 79, 10, 63, 70, 179, 57, 39, 92, 120, 200, 106, 253, 193, 206, 110, 99, 169, 118, 36, 229, 158, 144, 172, 86, 31, 102, 74, 20, 66, 186, 155, 221, 105, 243, 107, 30, 199, 113, 130, 238, 191, 184, 75, 23, 96, 48, 50, 56, 2, 136, 117, 17, 147, 188, 35, 241, 233, 68, 168, 103, 252, 195, 214, 25, 127, 202, 165, 141, 1, 40, 197, 213, 148, 170, 7, 198, 46, 67, 5, 251, 153, 115, 104, 218, 73, 112, 242, 190, 129, 32, 88, 175, 173, 237, 61, 52, 176, 245, 27, 9, 254, 60, 227, 215, 134, 97, 58, 181, 133, 109, 194, 26, 204, 171, 54, 101
