# Final optimized S-box - THREAD-SAFE VERSION with Early Stopping
# Generated on: 2025-09-12T07:04:55.110
# Format: 16 values per line (256 total)

sbox = UInt8[
    217, 218,   2,  30,   3, 229,  98, 197, 169,  41,  97, 214, 181,  56,  16,  61,
    224, 179, 142,  19, 162, 107, 246, 123,  25, 134, 203, 154,  84,  67, 230,   9,
    130,  29, 135, 133, 254,  33, 138, 118, 149, 109, 117,  46,  53,  24,  32, 239,
    178, 211,  44,  39,  49, 241, 200, 152, 143, 104,  94, 190, 111, 202, 124, 151,
    122,  64,  63,  15,  10,  50,  87, 199, 216, 235,  13, 196, 189, 186, 206,  79,
     75, 156, 228, 250,  36,  28, 174,  70,  76, 127,  59, 153, 209,  92, 251,  88,
     96,  83,  26, 159,  54, 176,  20, 185, 100,  89, 102,  80,  68, 166, 171,  99,
    167, 172, 137, 155, 144, 145, 201, 140, 213, 191, 215,  17,  14, 192, 212,  52,
    255, 125, 180, 164, 119,  65, 105,  85, 205,  11, 219,  22, 242, 108, 247,  57,
     12,   5, 146,  48, 223,  23, 136, 165, 252,  91, 116, 115, 208,  18,  81, 113,
    248, 121, 148,  90,  38, 227, 158, 194,  34, 193, 222, 114, 141, 161, 187, 184,
    101,  95,  62, 234, 157, 112, 236, 183,  74, 106, 195, 177,  60, 103, 129, 170,
    139, 249,  55, 207, 238,  51,  93,  86, 245, 110, 126,  66,  71, 150,  31, 182,
    147, 131, 204,  73, 225,   0, 175, 240, 128, 221,  58, 168,  43, 163,  27,   4,
    173,  69,  47, 132,   8,  78, 188, 220,  82,   1, 198,  42, 160, 244, 237, 233,
     40, 232, 226, 243,  72,  21,  35,   6, 120,   7, 231,  45,  37, 253,  77, 210
]

# Comma-separated format:
217, 218, 2, 30, 3, 229, 98, 197, 169, 41, 97, 214, 181, 56, 16, 61, 224, 179, 142, 19, 162, 107, 246, 123, 25, 134, 203, 154, 84, 67, 230, 9, 130, 29, 135, 133, 254, 33, 138, 118, 149, 109, 117, 46, 53, 24, 32, 239, 178, 211, 44, 39, 49, 241, 200, 152, 143, 104, 94, 190, 111, 202, 124, 151, 122, 64, 63, 15, 10, 50, 87, 199, 216, 235, 13, 196, 189, 186, 206, 79, 75, 156, 228, 250, 36, 28, 174, 70, 76, 127, 59, 153, 209, 92, 251, 88, 96, 83, 26, 159, 54, 176, 20, 185, 100, 89, 102, 80, 68, 166, 171, 99, 167, 172, 137, 155, 144, 145, 201, 140, 213, 191, 215, 17, 14, 192, 212, 52, 255, 125, 180, 164, 119, 65, 105, 85, 205, 11, 219, 22, 242, 108, 247, 57, 12, 5, 146, 48, 223, 23, 136, 165, 252, 91, 116, 115, 208, 18, 81, 113, 248, 121, 148, 90, 38, 227, 158, 194, 34, 193, 222, 114, 141, 161, 187, 184, 101, 95, 62, 234, 157, 112, 236, 183, 74, 106, 195, 177, 60, 103, 129, 170, 139, 249, 55, 207, 238, 51, 93, 86, 245, 110, 126, 66, 71, 150, 31, 182, 147, 131, 204, 73, 225, 0, 175, 240, 128, 221, 58, 168, 43, 163, 27, 4, 173, 69, 47, 132, 8, 78, 188, 220, 82, 1, 198, 42, 160, 244, 237, 233, 40, 232, 226, 243, 72, 21, 35, 6, 120, 7, 231, 45, 37, 253, 77, 210
