# Final optimized S-box - THREAD-SAFE VERSION with Early Stopping
# Generated on: 2025-09-20T10:32:11.529
# Format: 16 values per line (256 total)

sbox = UInt8[
    105, 130, 214,   1,  26, 235,  21,  88,  15, 141, 151, 112,  84, 211, 203, 255,
    127,  55, 174,   0, 232, 155, 163, 207, 230, 103, 222, 229, 231, 221, 252,  40,
    248,  34, 122, 120,  41, 196,  49, 183, 188, 171,  87, 226,  51, 239,  52, 118,
    208,  60, 224, 213, 167,  14,  29,  30, 124, 173,  45,  27,  54, 185, 245, 186,
     92,  71,  99, 184, 225, 243,  12,  44, 149, 179, 129,  91,  22, 223, 166, 238,
    108, 117,  17,  96, 170, 216,   3,  69, 177, 201, 145, 150,  85, 200,  28,  98,
    128,  68, 165, 237, 154, 115, 113,  90, 215,  73,   9,  13, 250, 172,  94,  82,
     39, 197,  67,  57, 220, 142,  74, 168,  32, 100, 251,  46,  89, 146, 132,  53,
    114, 133, 164,  38,  86, 195, 204,  61,  63,  70,  77, 198,  78,   2,  18, 228,
    138, 217,  58, 181, 143, 162, 169, 126,  79, 148, 210,  24, 135, 176, 202, 111,
     47,   8,  80, 144, 125, 236, 116,  11, 159, 182, 180,  83, 253, 102,  56,  64,
    131, 206,  23, 241,   6, 233,  48, 147, 246, 205, 209, 234,   5, 137,   7,  36,
     10, 249,  19,  31, 110, 119, 152, 101, 158, 192, 139,  35, 194,  25, 123, 219,
    218, 161, 190, 121, 140, 242, 212, 156,  66, 104,  50,  43, 227, 240,  81, 247,
    136, 254,  59,  97, 134,  20,  75, 178, 187,  65, 160, 244, 109,  95, 157,   4,
     76,  72, 107, 191,  37,  16, 199,  93, 175,  62, 106,  33,  42, 153, 193, 189
]

# Comma-separated format:
105, 130, 214, 1, 26, 235, 21, 88, 15, 141, 151, 112, 84, 211, 203, 255, 127, 55, 174, 0, 232, 155, 163, 207, 230, 103, 222, 229, 231, 221, 252, 40, 248, 34, 122, 120, 41, 196, 49, 183, 188, 171, 87, 226, 51, 239, 52, 118, 208, 60, 224, 213, 167, 14, 29, 30, 124, 173, 45, 27, 54, 185, 245, 186, 92, 71, 99, 184, 225, 243, 12, 44, 149, 179, 129, 91, 22, 223, 166, 238, 108, 117, 17, 96, 170, 216, 3, 69, 177, 201, 145, 150, 85, 200, 28, 98, 128, 68, 165, 237, 154, 115, 113, 90, 215, 73, 9, 13, 250, 172, 94, 82, 39, 197, 67, 57, 220, 142, 74, 168, 32, 100, 251, 46, 89, 146, 132, 53, 114, 133, 164, 38, 86, 195, 204, 61, 63, 70, 77, 198, 78, 2, 18, 228, 138, 217, 58, 181, 143, 162, 169, 126, 79, 148, 210, 24, 135, 176, 202, 111, 47, 8, 80, 144, 125, 236, 116, 11, 159, 182, 180, 83, 253, 102, 56, 64, 131, 206, 23, 241, 6, 233, 48, 147, 246, 205, 209, 234, 5, 137, 7, 36, 10, 249, 19, 31, 110, 119, 152, 101, 158, 192, 139, 35, 194, 25, 123, 219, 218, 161, 190, 121, 140, 242, 212, 156, 66, 104, 50, 43, 227, 240, 81, 247, 136, 254, 59, 97, 134, 20, 75, 178, 187, 65, 160, 244, 109, 95, 157, 4, 76, 72, 107, 191, 37, 16, 199, 93, 175, 62, 106, 33, 42, 153, 193, 189
