# Final optimized S-box - THREAD-SAFE VERSION with Early Stopping
# Generated on: 2025-09-11T21:38:35.606
# Format: 16 values per line (256 total)

sbox = UInt8[
    217, 218, 112, 204,   3, 229,  98, 197, 169, 122, 137, 235, 181, 168,  16,  76,
    224, 179, 142,  19, 151, 253,  57, 123,  26,  24, 127, 154,  48,  67, 230,   9,
    223,  84, 135, 105, 195,  33, 138, 118, 245, 109, 117,  46,  53,  23,  80, 239,
    178, 214, 200,  39, 125, 241, 175,  55, 190, 104,  94,  96,  60, 202, 124, 186,
     41,  64,  63, 171,  10,  50,  87, 199, 184, 254,  13, 148, 189, 162, 206,  79,
     75, 156, 228, 250,  38,  28, 174,  29, 236, 252,  59, 153, 209,  92, 133,  88,
    143,  83,  97, 152,  54, 176, 144,  56, 100,  25, 102,  89,  47, 166,   2,  99,
    167, 172,  32, 155,  30, 145, 201, 140, 213, 191, 215,  17,  14, 192, 212,  52,
    255,  37, 182, 164,  70, 170,  45,  85, 205,  34, 219,  90, 242, 108, 180, 134,
     12,   5, 146,  36, 130, 149, 136, 232, 216,  91, 116, 115, 208,  18,  81, 113,
    248, 121, 207, 163, 103, 251,   6, 194, 240, 193, 222, 114, 141, 161,  22, 247,
    101,  95,  62,  15, 157,  74, 238, 183,  82, 106, 211, 177,  65, 119, 129,  68,
    139, 249, 159, 225, 111, 196,  93,  86, 227, 110, 126, 107,  71, 150,  31, 246,
    147, 234, 128,  73,  43,   0, 158,  11,  61, 221,  58, 185, 210, 187,  27,   4,
    173,  69,  20, 132,   8,  78, 188, 220,  66,   1, 198,  42, 160, 244, 237, 233,
     40,  44, 226, 243,  72,  21,  35, 165, 120,   7, 231,  51,  49, 131,  77, 203
]

# Comma-separated format:
217, 218, 112, 204, 3, 229, 98, 197, 169, 122, 137, 235, 181, 168, 16, 76, 224, 179, 142, 19, 151, 253, 57, 123, 26, 24, 127, 154, 48, 67, 230, 9, 223, 84, 135, 105, 195, 33, 138, 118, 245, 109, 117, 46, 53, 23, 80, 239, 178, 214, 200, 39, 125, 241, 175, 55, 190, 104, 94, 96, 60, 202, 124, 186, 41, 64, 63, 171, 10, 50, 87, 199, 184, 254, 13, 148, 189, 162, 206, 79, 75, 156, 228, 250, 38, 28, 174, 29, 236, 252, 59, 153, 209, 92, 133, 88, 143, 83, 97, 152, 54, 176, 144, 56, 100, 25, 102, 89, 47, 166, 2, 99, 167, 172, 32, 155, 30, 145, 201, 140, 213, 191, 215, 17, 14, 192, 212, 52, 255, 37, 182, 164, 70, 170, 45, 85, 205, 34, 219, 90, 242, 108, 180, 134, 12, 5, 146, 36, 130, 149, 136, 232, 216, 91, 116, 115, 208, 18, 81, 113, 248, 121, 207, 163, 103, 251, 6, 194, 240, 193, 222, 114, 141, 161, 22, 247, 101, 95, 62, 15, 157, 74, 238, 183, 82, 106, 211, 177, 65, 119, 129, 68, 139, 249, 159, 225, 111, 196, 93, 86, 227, 110, 126, 107, 71, 150, 31, 246, 147, 234, 128, 73, 43, 0, 158, 11, 61, 221, 58, 185, 210, 187, 27, 4, 173, 69, 20, 132, 8, 78, 188, 220, 66, 1, 198, 42, 160, 244, 237, 233, 40, 44, 226, 243, 72, 21, 35, 165, 120, 7, 231, 51, 49, 131, 77, 203
