# Final optimized S-box - THREAD-SAFE VERSION with Early Stopping
# Generated on: 2025-09-09T23:07:33.556
# Format: 16 values per line (256 total)

sbox = UInt8[
    142, 107, 195, 243, 214,  98, 181,  78, 183,  18,   8, 190, 222, 132, 153, 151,
    166,   3, 208,  45, 114, 174,  54,  87,  83, 217, 163,  19, 154, 249,  85,  44,
    149,  50, 145,  71, 192,  93, 116,  73,  11,  82, 207, 224, 220,  48, 100, 101,
      4, 254, 247,  96,  76,  47,  49,  21,  31,  77,  90, 209, 180, 201,  15, 164,
    131, 231,   0, 146,  41,  53, 109,  52,  75,  38, 119, 148,  24,  26, 135,  80,
    246, 205, 255,  64, 186, 240, 187, 150, 177, 188, 219, 229,  95,  84, 252, 122,
    225,  37,  91, 189,  55,  89,   7, 121,  33,  94, 143, 111, 210, 235, 159, 182,
    102,  22,  86, 152, 160, 105,  12,  27, 138, 230,  42, 211,   2, 253, 185, 157,
    196, 127,  14, 162, 175, 234, 137,  59, 128, 126, 203, 244,  79, 226,  34,  70,
      6, 176,  39,  92, 120, 110, 106,  51, 193, 206, 173,  99,  56,  43,  36, 112,
    158, 239, 172,  16,  23, 223,  74,  20,  66, 250, 155, 221, 245, 118, 199, 134,
    124, 113, 130, 238, 191, 184, 178,  28,  35, 167, 125, 169, 216, 136, 117,  17,
    147, 212, 228, 241, 233,  68,  29, 103,  30, 248, 161,  25, 218, 202, 165,  13,
      1,  40, 197, 213, 108, 170, 179, 198,  46,  67,   5, 251, 139, 115, 104, 168,
    141,  10, 242, 140, 129,  32,  88, 236, 171, 237,  61,  65,  57,  81, 156,   9,
     69,  60, 227, 215,  63,  97,  58, 232, 133, 144, 194, 123, 204,  62,  72, 200
]

# Comma-separated format:
142, 107, 195, 243, 214, 98, 181, 78, 183, 18, 8, 190, 222, 132, 153, 151, 166, 3, 208, 45, 114, 174, 54, 87, 83, 217, 163, 19, 154, 249, 85, 44, 149, 50, 145, 71, 192, 93, 116, 73, 11, 82, 207, 224, 220, 48, 100, 101, 4, 254, 247, 96, 76, 47, 49, 21, 31, 77, 90, 209, 180, 201, 15, 164, 131, 231, 0, 146, 41, 53, 109, 52, 75, 38, 119, 148, 24, 26, 135, 80, 246, 205, 255, 64, 186, 240, 187, 150, 177, 188, 219, 229, 95, 84, 252, 122, 225, 37, 91, 189, 55, 89, 7, 121, 33, 94, 143, 111, 210, 235, 159, 182, 102, 22, 86, 152, 160, 105, 12, 27, 138, 230, 42, 211, 2, 253, 185, 157, 196, 127, 14, 162, 175, 234, 137, 59, 128, 126, 203, 244, 79, 226, 34, 70, 6, 176, 39, 92, 120, 110, 106, 51, 193, 206, 173, 99, 56, 43, 36, 112, 158, 239, 172, 16, 23, 223, 74, 20, 66, 250, 155, 221, 245, 118, 199, 134, 124, 113, 130, 238, 191, 184, 178, 28, 35, 167, 125, 169, 216, 136, 117, 17, 147, 212, 228, 241, 233, 68, 29, 103, 30, 248, 161, 25, 218, 202, 165, 13, 1, 40, 197, 213, 108, 170, 179, 198, 46, 67, 5, 251, 139, 115, 104, 168, 141, 10, 242, 140, 129, 32, 88, 236, 171, 237, 61, 65, 57, 81, 156, 9, 69, 60, 227, 215, 63, 97, 58, 232, 133, 144, 194, 123, 204, 62, 72, 200
