# Final optimized S-box - THREAD-SAFE VERSION with Early Stopping
# Generated on: 2025-09-17T07:16:51.607
# Format: 16 values per line (256 total)

sbox = UInt8[
     66, 230,   3, 241, 179, 113,   4, 227,   5,  22, 166,  35, 148, 235,  43,  30,
    174,  91,  97,  60, 143,  20, 242,  18, 221,  25, 123,  12, 142,  51, 236,  92,
     17, 186, 149, 119, 167, 231,  96,  27, 215, 110,  42,  41, 156,  36, 111,   8,
    134, 205, 232,  56,  80, 206,  16, 106,  63, 217,  67, 250, 212, 216, 130,  31,
     95,   2, 244, 189,  54, 120, 254, 122,  98,  50, 121,  37, 184, 229, 108, 199,
     10,  48,  64,  74, 165,  85,   9,  57, 207, 243, 246, 202, 144,  44,  71,  52,
    249, 159, 147,   0, 183, 173, 182, 240, 114,  65, 104, 204, 161, 131,   1,  28,
    245,  11, 169,  88,  87,  61,  24, 146, 117, 219, 129, 168, 234, 118,  84, 222,
    252, 135,  13, 101,  90, 193, 201,  39,  79,  72, 187,  34, 176, 126,  45, 152,
    102,  93, 251,  78,  89, 109, 239, 136, 138,  94,  23,  77,  38,  58, 158,  14,
     59,  70, 150,  47,  68, 133, 105, 210, 226, 195, 171, 132, 115,  76, 124,  26,
    112, 223,   6,  73, 164, 160, 137, 151,  32, 175, 127, 194,  19,  69,  15, 200,
    181, 213, 255, 107, 116, 125, 190, 141, 177, 192, 128, 153, 172,  46, 203, 188,
    170,  40, 237, 185, 154, 208,  81, 145, 247, 238,  53, 224, 211, 228,  62, 214,
    220, 248, 225,   7, 163, 198,  33,  82,  29, 233, 140, 191,  21, 218, 162, 139,
     55,  99, 155, 157, 100, 197,  49,  86, 209, 180, 178, 196,  83, 253, 103,  75
]

# Comma-separated format:
66, 230, 3, 241, 179, 113, 4, 227, 5, 22, 166, 35, 148, 235, 43, 30, 174, 91, 97, 60, 143, 20, 242, 18, 221, 25, 123, 12, 142, 51, 236, 92, 17, 186, 149, 119, 167, 231, 96, 27, 215, 110, 42, 41, 156, 36, 111, 8, 134, 205, 232, 56, 80, 206, 16, 106, 63, 217, 67, 250, 212, 216, 130, 31, 95, 2, 244, 189, 54, 120, 254, 122, 98, 50, 121, 37, 184, 229, 108, 199, 10, 48, 64, 74, 165, 85, 9, 57, 207, 243, 246, 202, 144, 44, 71, 52, 249, 159, 147, 0, 183, 173, 182, 240, 114, 65, 104, 204, 161, 131, 1, 28, 245, 11, 169, 88, 87, 61, 24, 146, 117, 219, 129, 168, 234, 118, 84, 222, 252, 135, 13, 101, 90, 193, 201, 39, 79, 72, 187, 34, 176, 126, 45, 152, 102, 93, 251, 78, 89, 109, 239, 136, 138, 94, 23, 77, 38, 58, 158, 14, 59, 70, 150, 47, 68, 133, 105, 210, 226, 195, 171, 132, 115, 76, 124, 26, 112, 223, 6, 73, 164, 160, 137, 151, 32, 175, 127, 194, 19, 69, 15, 200, 181, 213, 255, 107, 116, 125, 190, 141, 177, 192, 128, 153, 172, 46, 203, 188, 170, 40, 237, 185, 154, 208, 81, 145, 247, 238, 53, 224, 211, 228, 62, 214, 220, 248, 225, 7, 163, 198, 33, 82, 29, 233, 140, 191, 21, 218, 162, 139, 55, 99, 155, 157, 100, 197, 49, 86, 209, 180, 178, 196, 83, 253, 103, 75
