# Final optimized S-box - THREAD-SAFE VERSION with Early Stopping
# Generated on: 2025-09-09T01:44:26.398
# Format: 16 values per line (256 total)

sbox = UInt8[
    142, 107, 195, 243, 162,  98,  27,  78, 183, 249,   8,  37, 222, 133, 248, 225,
    166,  63,   4,  45, 230, 174, 181,  87,  83, 140, 255,  19,  81, 208,  53,  44,
     34,  49, 145,  71, 192,  93, 116, 240,  85,  82, 180, 137, 190, 167, 100, 253,
    153,  69,  43, 236,  76, 102, 161,  21, 151,  77,  90,  46, 186, 201, 184, 164,
    131, 154,   0, 146, 207,  54,  65, 136, 149, 134, 119, 148,  24, 221, 135, 159,
    178, 205,  75,  64, 177,  73, 187, 150, 220, 212, 219, 231,  95, 199, 252,  68,
     23, 223,  91, 189,  55,  89,   7, 117,  33,  94, 143, 111,  36, 235,  80, 182,
    247, 108, 244, 152, 160, 105,  13, 232, 206, 216, 224, 211, 110,  97, 185, 157,
    196, 127,  14, 214, 175,  52,  42,  59, 209, 246, 203,   6,  79, 226,   3,  70,
    179, 114,  39,  92, 120, 200, 156, 121, 193, 170, 126,  99,  56, 101, 210, 112,
    158, 239, 172,  16,  31,   1,  74,  20,  66, 250, 155, 125, 245, 118,  35,  67,
    124,  96, 163, 238,  41, 122, 218,  28,  47,  58,  26, 123, 169, 109, 106,  18,
    147, 188, 228, 241, 233,  15, 168, 103,  30, 139,  11,  25,  29, 202, 165, 141,
     57,  40, 132, 213,  86, 138, 128, 198,  84,  38,   5, 251, 217, 115, 104, 130,
     12, 229, 242, 191, 129,  32,  88, 113, 171, 237,  61, 234,  72,  10,  22,   9,
    254,  60, 227, 215, 173,  51,  50,   2, 197, 144, 194, 176, 204,  62,  17,  48
]

# Comma-separated format:
142, 107, 195, 243, 162, 98, 27, 78, 183, 249, 8, 37, 222, 133, 248, 225, 166, 63, 4, 45, 230, 174, 181, 87, 83, 140, 255, 19, 81, 208, 53, 44, 34, 49, 145, 71, 192, 93, 116, 240, 85, 82, 180, 137, 190, 167, 100, 253, 153, 69, 43, 236, 76, 102, 161, 21, 151, 77, 90, 46, 186, 201, 184, 164, 131, 154, 0, 146, 207, 54, 65, 136, 149, 134, 119, 148, 24, 221, 135, 159, 178, 205, 75, 64, 177, 73, 187, 150, 220, 212, 219, 231, 95, 199, 252, 68, 23, 223, 91, 189, 55, 89, 7, 117, 33, 94, 143, 111, 36, 235, 80, 182, 247, 108, 244, 152, 160, 105, 13, 232, 206, 216, 224, 211, 110, 97, 185, 157, 196, 127, 14, 214, 175, 52, 42, 59, 209, 246, 203, 6, 79, 226, 3, 70, 179, 114, 39, 92, 120, 200, 156, 121, 193, 170, 126, 99, 56, 101, 210, 112, 158, 239, 172, 16, 31, 1, 74, 20, 66, 250, 155, 125, 245, 118, 35, 67, 124, 96, 163, 238, 41, 122, 218, 28, 47, 58, 26, 123, 169, 109, 106, 18, 147, 188, 228, 241, 233, 15, 168, 103, 30, 139, 11, 25, 29, 202, 165, 141, 57, 40, 132, 213, 86, 138, 128, 198, 84, 38, 5, 251, 217, 115, 104, 130, 12, 229, 242, 191, 129, 32, 88, 113, 171, 237, 61, 234, 72, 10, 22, 9, 254, 60, 227, 215, 173, 51, 50, 2, 197, 144, 194, 176, 204, 62, 17, 48
