# Final optimized S-box - THREAD-SAFE VERSION with Early Stopping
# Generated on: 2025-09-11T05:31:39.062
# Format: 16 values per line (256 total)

sbox = UInt8[
     45, 173, 214,   1,  26, 235,  21, 162,  46, 221, 151,  44,  84,  91, 157, 255,
    126,  55, 174,   0, 232, 216,  53, 207,  83, 112, 222, 154, 231, 248, 175,  40,
     79,  34, 122, 120,  41,  64, 195, 183, 218, 171,  71, 170,  51, 239, 152, 118,
    192,  60, 224, 213, 230,  14,  29,  30, 124, 130,  17,  27,  54, 185, 247, 186,
     92, 113,  99, 198, 200, 243,  12,  31, 149, 179, 129,  73,  22, 223, 212,   2,
    108, 238, 107,  96, 226,  32,   3,  69, 177,  67,  11,   7,  85, 201,  28,  98,
    128,  68, 236, 105,  25, 115,  87,  90, 215,  88,   9,  13, 250, 172,  94,  82,
     39, 197, 158,  57, 220, 142,  74, 168, 117, 100, 251, 219,  89, 166, 132, 163,
    114, 133, 164,  38,  86, 203,  66,  61,  35,  70,  77, 208, 141, 237,  18, 228,
    138, 217,  58, 136, 109,  59, 169,  97,  78,  15, 210,  24, 135, 176, 202, 111,
     47,   8, 155, 144, 125, 127, 116, 196, 191, 182, 180, 167, 119, 102,  56,  16,
    131,  52, 159, 241,  20, 253, 229, 147, 178, 249, 209, 234,  81, 137, 150,  36,
     10, 225,  19, 140, 110, 233, 206, 101, 205, 184, 139,  63, 246,  23, 123, 103,
    254, 161, 190, 121, 148, 242, 146, 156, 188, 104, 252,  43, 227, 240, 204, 245,
     80,   6, 165,  48, 134,   5,  75, 194, 145,  65, 160, 244,  49,  95, 189,   4,
     76,  72, 187, 211,  37, 181, 199,  93,  50,  62, 106,  33,  42, 153, 193, 143
]

# Comma-separated format:
45, 173, 214, 1, 26, 235, 21, 162, 46, 221, 151, 44, 84, 91, 157, 255, 126, 55, 174, 0, 232, 216, 53, 207, 83, 112, 222, 154, 231, 248, 175, 40, 79, 34, 122, 120, 41, 64, 195, 183, 218, 171, 71, 170, 51, 239, 152, 118, 192, 60, 224, 213, 230, 14, 29, 30, 124, 130, 17, 27, 54, 185, 247, 186, 92, 113, 99, 198, 200, 243, 12, 31, 149, 179, 129, 73, 22, 223, 212, 2, 108, 238, 107, 96, 226, 32, 3, 69, 177, 67, 11, 7, 85, 201, 28, 98, 128, 68, 236, 105, 25, 115, 87, 90, 215, 88, 9, 13, 250, 172, 94, 82, 39, 197, 158, 57, 220, 142, 74, 168, 117, 100, 251, 219, 89, 166, 132, 163, 114, 133, 164, 38, 86, 203, 66, 61, 35, 70, 77, 208, 141, 237, 18, 228, 138, 217, 58, 136, 109, 59, 169, 97, 78, 15, 210, 24, 135, 176, 202, 111, 47, 8, 155, 144, 125, 127, 116, 196, 191, 182, 180, 167, 119, 102, 56, 16, 131, 52, 159, 241, 20, 253, 229, 147, 178, 249, 209, 234, 81, 137, 150, 36, 10, 225, 19, 140, 110, 233, 206, 101, 205, 184, 139, 63, 246, 23, 123, 103, 254, 161, 190, 121, 148, 242, 146, 156, 188, 104, 252, 43, 227, 240, 204, 245, 80, 6, 165, 48, 134, 5, 75, 194, 145, 65, 160, 244, 49, 95, 189, 4, 76, 72, 187, 211, 37, 181, 199, 93, 50, 62, 106, 33, 42, 153, 193, 143
