# Final optimized S-box - THREAD-SAFE VERSION with Early Stopping
# Generated on: 2025-09-09T15:22:08.694
# Format: 16 values per line (256 total)

sbox = UInt8[
    105, 130, 214, 243,  26, 235,  21,  91,  46,  73, 151, 181,  84, 211, 203, 255,
     95,  55, 174,   0, 232, 216,  53, 207, 233, 112, 222,  59, 231, 169, 252, 208,
     79,  34, 122, 120,  90, 240,  16, 183, 188, 171,  71, 170,  81, 239,  52, 118,
    192,  60, 224, 213, 167,  14,  29,  30, 124, 173,  45,  27,  54, 185, 150, 186,
     92,  57,  99, 176, 221, 163,  12,  31, 149, 247, 129, 248,  22, 223, 212, 127,
    108, 113, 107,  96, 143,  32,   3,  69, 177, 201, 145,   7,  85, 200,  28,  98,
    128,  68, 126, 237,  25, 115,  87, 251, 215,  88,   9,  13, 250, 144,  94,  82,
     39, 164,  67,  62, 220, 142, 230, 168, 117, 100,  41, 219,  77,  51, 132,   1,
    205, 133, 254,  38,  86, 195, 227,  61,  35,  70, 253, 226,  78, 162,  18, 228,
    138, 217,  58, 136, 109,   2, 114,  97, 141, 184, 210,  24, 135, 148, 202, 111,
     47,   8, 155, 172, 125, 197, 116,  11, 191, 182, 180,  83,  89, 102,  56,  64,
    131, 206, 159, 241,  20,  74, 229, 147, 178, 249, 209, 234, 166, 137, 179,  36,
     10, 225,  19,  15, 110, 119, 152, 101, 158, 198, 139,  63, 246,  23, 123, 103,
    218, 161, 190, 121, 140, 242, 146, 156,  66, 104,  50,  43, 236, 194, 204, 245,
     80,   6, 165,  48, 134,   5,  75, 196, 187,  65, 160, 244,  49, 157,  17,   4,
     76,  72, 238, 154,  37,  44, 199,  93, 175,  40, 106,  33,  42, 153, 193, 189
]

# Comma-separated format:
105, 130, 214, 243, 26, 235, 21, 91, 46, 73, 151, 181, 84, 211, 203, 255, 95, 55, 174, 0, 232, 216, 53, 207, 233, 112, 222, 59, 231, 169, 252, 208, 79, 34, 122, 120, 90, 240, 16, 183, 188, 171, 71, 170, 81, 239, 52, 118, 192, 60, 224, 213, 167, 14, 29, 30, 124, 173, 45, 27, 54, 185, 150, 186, 92, 57, 99, 176, 221, 163, 12, 31, 149, 247, 129, 248, 22, 223, 212, 127, 108, 113, 107, 96, 143, 32, 3, 69, 177, 201, 145, 7, 85, 200, 28, 98, 128, 68, 126, 237, 25, 115, 87, 251, 215, 88, 9, 13, 250, 144, 94, 82, 39, 164, 67, 62, 220, 142, 230, 168, 117, 100, 41, 219, 77, 51, 132, 1, 205, 133, 254, 38, 86, 195, 227, 61, 35, 70, 253, 226, 78, 162, 18, 228, 138, 217, 58, 136, 109, 2, 114, 97, 141, 184, 210, 24, 135, 148, 202, 111, 47, 8, 155, 172, 125, 197, 116, 11, 191, 182, 180, 83, 89, 102, 56, 64, 131, 206, 159, 241, 20, 74, 229, 147, 178, 249, 209, 234, 166, 137, 179, 36, 10, 225, 19, 15, 110, 119, 152, 101, 158, 198, 139, 63, 246, 23, 123, 103, 218, 161, 190, 121, 140, 242, 146, 156, 66, 104, 50, 43, 236, 194, 204, 245, 80, 6, 165, 48, 134, 5, 75, 196, 187, 65, 160, 244, 49, 157, 17, 4, 76, 72, 238, 154, 37, 44, 199, 93, 175, 40, 106, 33, 42, 153, 193, 189
