# Final optimized S-box - THREAD-SAFE VERSION with Early Stopping
# Generated on: 2025-09-15T15:24:15.143
# Format: 16 values per line (256 total)

sbox = UInt8[
    142, 107,  68, 226,  97,  98,  27,  78, 117, 157,   8, 208, 222, 132, 248, 225,
    166,   3,   4,  45, 216, 156,  36,  87,  83, 102, 163,  19, 154, 219,  11,  44,
    149,  49,  81, 215,  41,  93, 116, 240,  85, 114, 180, 184, 186,  29, 100, 234,
    140,  71, 247,  96, 200,  43, 161,  21, 143,  77,  90,  84, 191, 201,  40, 164,
    183,  10,   0, 146, 207,  61, 145, 174,  34, 109, 119,   5,  24, 125, 135,  80,
    178, 205, 255,  64, 177,  23, 187, 150,  76, 212, 105, 231, 123, 220, 252, 122,
    160, 228,  91, 189,  55,  89,   7, 121, 124,  94, 101, 111, 210, 235, 159, 182,
     59, 108,  86, 104,  73,  82,  13, 232, 138, 230, 224, 211, 110,  51, 185,  37,
    196, 127,  14, 162, 175, 148,  18, 239, 209, 246, 203,   6,  79, 243,  63,  70,
    179, 244,  39,  92, 120, 218, 106, 253, 193,  35, 126,  12,  56,  22, 176, 112,
    158, 217, 172,  16,  20, 223,  74,  31,  66, 250, 155, 221, 245, 118,   2, 134,
     33,  53,  95, 238, 214, 141,  75,  28,  47,  48,  26, 249, 169, 136, 131,  17,
    147, 188,  42, 241, 233, 195, 168, 103,  30, 139,  72,  25, 167, 202, 165,  15,
      1, 137, 197, 192,  65, 170, 128, 198,  46,  38,  67, 251, 153, 115, 152, 199,
     99, 229, 242, 190, 129,  32,  88, 236, 171, 237, 113, 130,  57, 206, 151,   9,
    254,  60, 227,  69, 173, 213,  58, 181, 133, 144, 194,  52, 204,  62,  54,  50
]

# Comma-separated format:
142, 107, 68, 226, 97, 98, 27, 78, 117, 157, 8, 208, 222, 132, 248, 225, 166, 3, 4, 45, 216, 156, 36, 87, 83, 102, 163, 19, 154, 219, 11, 44, 149, 49, 81, 215, 41, 93, 116, 240, 85, 114, 180, 184, 186, 29, 100, 234, 140, 71, 247, 96, 200, 43, 161, 21, 143, 77, 90, 84, 191, 201, 40, 164, 183, 10, 0, 146, 207, 61, 145, 174, 34, 109, 119, 5, 24, 125, 135, 80, 178, 205, 255, 64, 177, 23, 187, 150, 76, 212, 105, 231, 123, 220, 252, 122, 160, 228, 91, 189, 55, 89, 7, 121, 124, 94, 101, 111, 210, 235, 159, 182, 59, 108, 86, 104, 73, 82, 13, 232, 138, 230, 224, 211, 110, 51, 185, 37, 196, 127, 14, 162, 175, 148, 18, 239, 209, 246, 203, 6, 79, 243, 63, 70, 179, 244, 39, 92, 120, 218, 106, 253, 193, 35, 126, 12, 56, 22, 176, 112, 158, 217, 172, 16, 20, 223, 74, 31, 66, 250, 155, 221, 245, 118, 2, 134, 33, 53, 95, 238, 214, 141, 75, 28, 47, 48, 26, 249, 169, 136, 131, 17, 147, 188, 42, 241, 233, 195, 168, 103, 30, 139, 72, 25, 167, 202, 165, 15, 1, 137, 197, 192, 65, 170, 128, 198, 46, 38, 67, 251, 153, 115, 152, 199, 99, 229, 242, 190, 129, 32, 88, 236, 171, 237, 113, 130, 57, 206, 151, 9, 254, 60, 227, 69, 173, 213, 58, 181, 133, 144, 194, 52, 204, 62, 54, 50
