# Final optimized S-box - THREAD-SAFE VERSION with Early Stopping
# Generated on: 2025-09-13T01:07:49.005
# Format: 16 values per line (256 total)

sbox = UInt8[
    105, 130, 214,   1,  26, 235,  21,  91,  46, 200, 241,  44,  84, 221, 203, 255,
    127,  37, 174,   0, 232, 216,  53, 207, 230, 114, 222, 120, 231, 140, 252,  42,
     79,  34, 122, 125,  41, 196, 246, 183, 188, 171, 142, 170,  51,  88,  20, 118,
    192,  60, 224,  45, 167,  14,  29,  30, 124, 173, 132,  27,  54, 185, 247, 186,
     92, 113,   4, 184, 205, 242,  12,  31, 149, 179, 169,  73,  22, 143,  59, 168,
    108,  16, 107,  96, 213,  32,   3,  69, 177, 201, 145, 193,  85, 239,  28,  98,
    128,  68,  47, 237,  25, 115,  87,  90, 215, 210,   9,  13, 250, 172,  94,  82,
     39, 197,  67,  57, 220,  71,  74,  40, 117, 100, 251, 219,  89, 166,  36, 163,
    112, 133, 110,  38,  86, 195, 165,  61,  35,  70,  77, 208, 111,  17,  18, 228,
    138, 217,  58, 136, 109, 162, 129,  97, 141, 148, 248,  24, 135, 176, 202, 103,
    254,   8, 155, 144, 212, 236, 116, 139, 191, 182, 180, 151, 253, 102,  56,  64,
    131, 206, 159,  83, 101, 233, 243, 147, 178, 249, 209, 234,  33, 137, 150, 226,
      2, 225,  19,  15,   7, 119, 152,  52, 158, 198, 153,  55, 223,  23, 123,  95,
    218, 161, 190, 121, 211, 229, 146, 156,  66, 104,  50,  43, 227, 240, 204, 245,
     80,   6, 126,  81, 134,   5,  75, 194, 187,  65, 160, 244,  48, 175, 157,  99,
     76,  72, 238, 154,  63, 181, 199,  93,  78,  62, 106,  49,  10,  11, 164, 189
]

# Comma-separated format:
105, 130, 214, 1, 26, 235, 21, 91, 46, 200, 241, 44, 84, 221, 203, 255, 127, 37, 174, 0, 232, 216, 53, 207, 230, 114, 222, 120, 231, 140, 252, 42, 79, 34, 122, 125, 41, 196, 246, 183, 188, 171, 142, 170, 51, 88, 20, 118, 192, 60, 224, 45, 167, 14, 29, 30, 124, 173, 132, 27, 54, 185, 247, 186, 92, 113, 4, 184, 205, 242, 12, 31, 149, 179, 169, 73, 22, 143, 59, 168, 108, 16, 107, 96, 213, 32, 3, 69, 177, 201, 145, 193, 85, 239, 28, 98, 128, 68, 47, 237, 25, 115, 87, 90, 215, 210, 9, 13, 250, 172, 94, 82, 39, 197, 67, 57, 220, 71, 74, 40, 117, 100, 251, 219, 89, 166, 36, 163, 112, 133, 110, 38, 86, 195, 165, 61, 35, 70, 77, 208, 111, 17, 18, 228, 138, 217, 58, 136, 109, 162, 129, 97, 141, 148, 248, 24, 135, 176, 202, 103, 254, 8, 155, 144, 212, 236, 116, 139, 191, 182, 180, 151, 253, 102, 56, 64, 131, 206, 159, 83, 101, 233, 243, 147, 178, 249, 209, 234, 33, 137, 150, 226, 2, 225, 19, 15, 7, 119, 152, 52, 158, 198, 153, 55, 223, 23, 123, 95, 218, 161, 190, 121, 211, 229, 146, 156, 66, 104, 50, 43, 227, 240, 204, 245, 80, 6, 126, 81, 134, 5, 75, 194, 187, 65, 160, 244, 48, 175, 157, 99, 76, 72, 238, 154, 63, 181, 199, 93, 78, 62, 106, 49, 10, 11, 164, 189
