# Final optimized S-box - THREAD-SAFE VERSION with Early Stopping
# Generated on: 2025-09-21T21:06:27.602
# Format: 16 values per line (256 total)

sbox = UInt8[
    142, 107, 195, 243, 141, 116,  68,  66, 183,  18,   0, 208, 222, 132, 248, 225,
    166, 182,  96, 123, 114, 239, 244, 227,  34, 217, 163,  19, 154, 249,  11,  44,
     45, 111, 136,  71,  51,  93,  84, 240,  85,  82,  76, 193, 220, 167, 100, 140,
     16, 226, 247, 162, 204,  43, 234,  21, 151, 109,  90,  80, 157, 201, 156, 164,
    130,  86,   8, 146,  41,  53, 137, 192,  97,  38, 119, 148,  24, 125,  14, 112,
    178, 205,  27, 174, 186,  77, 187,  69, 177, 212, 219, 231,  95, 144, 252, 122,
     23,  37, 215, 189,  48,  89,   7, 121,  33,  94,   6,  49, 210, 161, 159,   3,
    102, 108, 138, 152, 160, 105,  13, 232,  91,  57,  64, 211, 110,  73, 185,  75,
    196, 127, 135,   4, 175, 235,  42,  59, 209, 246, 203, 145,  98, 184,  63, 224,
    179, 176, 165,  61, 120, 180, 106, 218,  65, 206,  79,  99,  56,  22,  36, 230,
    158, 221, 172,  15,  31, 223,  74,  20,  78, 250, 131, 143, 245, 118,   2, 134,
    124, 113,  26, 238, 191, 150, 117,  28,  47,  17, 155, 169, 216,  70, 207,  55,
    147, 188, 228, 241, 233, 255, 168, 103,  30, 139,  72,  25, 115, 202,  39, 237,
      1,  40, 197, 213,  35, 170, 128, 198,  46,  67,   5, 251, 153,  29, 104, 173,
     12, 229, 242, 190, 129,  32,  88, 236, 171, 214,  60,  52, 126,  81, 101,   9,
    254,  92,  87,  10, 253, 149,  58, 181, 133, 199, 194,  83, 200,  62,  54,  50
]

# Comma-separated format:
142, 107, 195, 243, 141, 116, 68, 66, 183, 18, 0, 208, 222, 132, 248, 225, 166, 182, 96, 123, 114, 239, 244, 227, 34, 217, 163, 19, 154, 249, 11, 44, 45, 111, 136, 71, 51, 93, 84, 240, 85, 82, 76, 193, 220, 167, 100, 140, 16, 226, 247, 162, 204, 43, 234, 21, 151, 109, 90, 80, 157, 201, 156, 164, 130, 86, 8, 146, 41, 53, 137, 192, 97, 38, 119, 148, 24, 125, 14, 112, 178, 205, 27, 174, 186, 77, 187, 69, 177, 212, 219, 231, 95, 144, 252, 122, 23, 37, 215, 189, 48, 89, 7, 121, 33, 94, 6, 49, 210, 161, 159, 3, 102, 108, 138, 152, 160, 105, 13, 232, 91, 57, 64, 211, 110, 73, 185, 75, 196, 127, 135, 4, 175, 235, 42, 59, 209, 246, 203, 145, 98, 184, 63, 224, 179, 176, 165, 61, 120, 180, 106, 218, 65, 206, 79, 99, 56, 22, 36, 230, 158, 221, 172, 15, 31, 223, 74, 20, 78, 250, 131, 143, 245, 118, 2, 134, 124, 113, 26, 238, 191, 150, 117, 28, 47, 17, 155, 169, 216, 70, 207, 55, 147, 188, 228, 241, 233, 255, 168, 103, 30, 139, 72, 25, 115, 202, 39, 237, 1, 40, 197, 213, 35, 170, 128, 198, 46, 67, 5, 251, 153, 29, 104, 173, 12, 229, 242, 190, 129, 32, 88, 236, 171, 214, 60, 52, 126, 81, 101, 9, 254, 92, 87, 10, 253, 149, 58, 181, 133, 199, 194, 83, 200, 62, 54, 50
