# Final optimized S-box - THREAD-SAFE VERSION with Early Stopping
# Generated on: 2025-09-17T22:11:18.220
# Format: 16 values per line (256 total)

sbox = UInt8[
     74, 242,   3, 241,  24, 113,  22, 227,   5,   7, 125,  35, 148,  10,  43, 201,
    174,  91,  97,  60, 237,  20, 230,  18,  66,  25,  38,  12,  14,  51, 236,  92,
     17,  41, 232, 126, 167, 231,  96, 121,  29, 215,  42,  40, 156,  36, 221, 225,
    134, 205,  63, 118, 120,  53,  16, 106, 235, 217,  67, 255, 212, 216, 130,  31,
     95,   2, 244, 157,  54, 149, 254, 122,  11,  82, 114,  37, 184, 229, 102, 159,
    123,  48,  64,   6, 165,  85,   9,  57, 207,  45, 246,  13, 144,  44,  71, 178,
    249, 199, 250, 186, 183, 173, 105, 240, 228, 203, 104, 204, 161, 166,  99,  78,
    245,  98, 169,  88,  87, 192, 180, 146, 117, 198, 119, 168, 110,  27,  84, 214,
    252,  90, 202, 189, 108, 193,  15, 135,  79,  72, 187,  34, 176, 129, 200, 152,
    100,  93, 251,  28,  89, 109, 239, 136, 142,  94,  23,  77,   8,  50, 158, 138,
     59, 196, 150,  47,  68, 133, 182, 210, 226, 195, 171,  70,   1, 140, 124,  26,
     65, 223, 111,  73,  21, 160, 137, 151,  32, 175, 127, 194,  19,  69,  30, 243,
    181, 213,  76, 107, 116,  52, 190, 248, 177,  61, 128, 153, 172,  46, 112, 188,
    170,   0, 139, 185,  80, 208,  81, 145, 247, 238, 218, 224, 211, 222,  62, 219,
    141, 220, 197,   4, 163, 154,  33,  58, 115, 233, 101, 191, 164, 206, 162, 143,
     39,  86, 155, 147,  55,  56,  49, 234, 209, 179, 131, 132,  83, 253, 103,  75
]

# Comma-separated format:
74, 242, 3, 241, 24, 113, 22, 227, 5, 7, 125, 35, 148, 10, 43, 201, 174, 91, 97, 60, 237, 20, 230, 18, 66, 25, 38, 12, 14, 51, 236, 92, 17, 41, 232, 126, 167, 231, 96, 121, 29, 215, 42, 40, 156, 36, 221, 225, 134, 205, 63, 118, 120, 53, 16, 106, 235, 217, 67, 255, 212, 216, 130, 31, 95, 2, 244, 157, 54, 149, 254, 122, 11, 82, 114, 37, 184, 229, 102, 159, 123, 48, 64, 6, 165, 85, 9, 57, 207, 45, 246, 13, 144, 44, 71, 178, 249, 199, 250, 186, 183, 173, 105, 240, 228, 203, 104, 204, 161, 166, 99, 78, 245, 98, 169, 88, 87, 192, 180, 146, 117, 198, 119, 168, 110, 27, 84, 214, 252, 90, 202, 189, 108, 193, 15, 135, 79, 72, 187, 34, 176, 129, 200, 152, 100, 93, 251, 28, 89, 109, 239, 136, 142, 94, 23, 77, 8, 50, 158, 138, 59, 196, 150, 47, 68, 133, 182, 210, 226, 195, 171, 70, 1, 140, 124, 26, 65, 223, 111, 73, 21, 160, 137, 151, 32, 175, 127, 194, 19, 69, 30, 243, 181, 213, 76, 107, 116, 52, 190, 248, 177, 61, 128, 153, 172, 46, 112, 188, 170, 0, 139, 185, 80, 208, 81, 145, 247, 238, 218, 224, 211, 222, 62, 219, 141, 220, 197, 4, 163, 154, 33, 58, 115, 233, 101, 191, 164, 206, 162, 143, 39, 86, 155, 147, 55, 56, 49, 234, 209, 179, 131, 132, 83, 253, 103, 75
