# Final optimized S-box - THREAD-SAFE VERSION with Early Stopping
# Generated on: 2025-09-10T11:49:59.856
# Format: 16 values per line (256 total)

sbox = UInt8[
    115, 234, 114, 132, 231,  38,  45, 151, 161, 227, 116,  88,  93, 187, 210,   5,
      9,  26,  51, 175,  62, 185, 137,   0,  83, 110, 209,  21,  57, 184,  44, 211,
    152, 196, 237,  79,  63, 181,  30,  69, 216, 155,  15, 251,  61,  19, 241,  92,
     33,  25, 239, 197,  37,  81, 189, 143, 253,  66,  18, 219,  82, 139,  80, 146,
    168, 232,  70,  50,  40, 252,  67,  46, 201,   6, 217, 176, 157, 103, 102,  76,
     90, 186,   8,   1,  96,  71, 222,  28, 113,  27, 192, 248, 240,  94,  12, 233,
     54,  85, 188, 205,  47, 163, 174, 243, 135,  99, 208, 133,  13,  39, 124, 199,
     72, 108, 230, 100, 254,  91,  65, 244, 170, 145, 159,  60, 228, 250, 122, 235,
    123, 134, 195,  64, 142, 203,  53,  24,  68, 194, 129, 218, 214,   4, 255, 105,
     34, 158, 247, 229, 141,  22, 112, 150,  17, 106,  86,  89,  10, 242, 127,  20,
    128,  14, 162,  74,  55,  59,  23,  43, 121, 126,  75, 206,  16,  73,  77, 140,
     78, 236, 164, 193,  95, 144, 171, 109, 131, 191,  32, 165, 111,  97, 221, 125,
    172,  58,  87, 226, 178,  42, 107, 149, 213, 120,   7, 118,   2, 166,  41, 138,
    225,  84, 119,  49, 204, 249, 182, 180,   3,  29, 154, 224, 130, 153, 190, 136,
    160, 173, 156, 104, 220, 177, 245, 179, 207, 212,  31,  36,  98,  52, 117, 198,
    238, 148, 215, 167, 202, 183, 147,  56, 169, 200, 101,  48, 246, 223,  35,  11
]

# Comma-separated format:
115, 234, 114, 132, 231, 38, 45, 151, 161, 227, 116, 88, 93, 187, 210, 5, 9, 26, 51, 175, 62, 185, 137, 0, 83, 110, 209, 21, 57, 184, 44, 211, 152, 196, 237, 79, 63, 181, 30, 69, 216, 155, 15, 251, 61, 19, 241, 92, 33, 25, 239, 197, 37, 81, 189, 143, 253, 66, 18, 219, 82, 139, 80, 146, 168, 232, 70, 50, 40, 252, 67, 46, 201, 6, 217, 176, 157, 103, 102, 76, 90, 186, 8, 1, 96, 71, 222, 28, 113, 27, 192, 248, 240, 94, 12, 233, 54, 85, 188, 205, 47, 163, 174, 243, 135, 99, 208, 133, 13, 39, 124, 199, 72, 108, 230, 100, 254, 91, 65, 244, 170, 145, 159, 60, 228, 250, 122, 235, 123, 134, 195, 64, 142, 203, 53, 24, 68, 194, 129, 218, 214, 4, 255, 105, 34, 158, 247, 229, 141, 22, 112, 150, 17, 106, 86, 89, 10, 242, 127, 20, 128, 14, 162, 74, 55, 59, 23, 43, 121, 126, 75, 206, 16, 73, 77, 140, 78, 236, 164, 193, 95, 144, 171, 109, 131, 191, 32, 165, 111, 97, 221, 125, 172, 58, 87, 226, 178, 42, 107, 149, 213, 120, 7, 118, 2, 166, 41, 138, 225, 84, 119, 49, 204, 249, 182, 180, 3, 29, 154, 224, 130, 153, 190, 136, 160, 173, 156, 104, 220, 177, 245, 179, 207, 212, 31, 36, 98, 52, 117, 198, 238, 148, 215, 167, 202, 183, 147, 56, 169, 200, 101, 48, 246, 223, 35, 11
