# Final optimized S-box - THREAD-SAFE VERSION with Early Stopping
# Generated on: 2025-09-18T05:04:12.391
# Format: 16 values per line (256 total)

sbox = UInt8[
     66, 230,   3, 241,  24, 113,  69, 227,   5,   7, 125,  35, 148,  10,  43,  90,
    174,  91,  97,  60, 143,  20, 242,  18,   6,  25,  63,  12, 170,  51, 236,  92,
     17, 229,  41, 126, 167, 231,  96, 198,  29, 110, 254,  40, 156,  36, 221, 123,
    134, 128, 132,  56,  80, 157,  16, 106, 182, 217,  67, 255, 212, 205, 130,  31,
     95,  70,  93, 131,  86, 149,   1, 122,  98, 201, 118,  37, 184, 237, 108, 109,
    235,  48,  64, 120, 200,  85,   9,  57, 207, 243, 246,  13, 144,  44,  71,  21,
    249, 159, 250, 252, 183, 173,  75, 240, 114,  78, 104, 204, 161,  53,  99, 135,
    245,  11, 169,  88,  87, 146, 180, 244, 117, 222, 119, 168, 234,  27,  84, 214,
    185, 142, 202,   2, 100, 193,  15, 203,  79,  72, 187,  34, 176, 129,  45, 152,
    102, 192, 251,  28,  89,  73, 239, 136, 138,  94,  23,  77,   8,  50, 158,  14,
     59, 219, 150,  47,  68, 133, 105, 210,  74, 195, 171, 179, 115,  76, 124,  26,
     65, 223, 111, 199, 166, 160, 137, 151,  32, 175, 127, 194,  19,  38,  30,  58,
    181, 208, 147, 107, 116,  52, 190, 141, 177,  61, 216, 153, 172, 226, 112, 188,
     46,   0, 101, 186, 154, 196,  81, 145, 247, 238, 218, 224, 211, 232,  62,  22,
    220, 248, 225,   4, 163, 121,  33, 165, 215, 233, 189, 191, 164, 206, 162, 139,
     39,  82, 155,  42,  55,  49, 197, 140, 209,  54, 178, 213,  83, 253, 103, 228
]

# Comma-separated format:
66, 230, 3, 241, 24, 113, 69, 227, 5, 7, 125, 35, 148, 10, 43, 90, 174, 91, 97, 60, 143, 20, 242, 18, 6, 25, 63, 12, 170, 51, 236, 92, 17, 229, 41, 126, 167, 231, 96, 198, 29, 110, 254, 40, 156, 36, 221, 123, 134, 128, 132, 56, 80, 157, 16, 106, 182, 217, 67, 255, 212, 205, 130, 31, 95, 70, 93, 131, 86, 149, 1, 122, 98, 201, 118, 37, 184, 237, 108, 109, 235, 48, 64, 120, 200, 85, 9, 57, 207, 243, 246, 13, 144, 44, 71, 21, 249, 159, 250, 252, 183, 173, 75, 240, 114, 78, 104, 204, 161, 53, 99, 135, 245, 11, 169, 88, 87, 146, 180, 244, 117, 222, 119, 168, 234, 27, 84, 214, 185, 142, 202, 2, 100, 193, 15, 203, 79, 72, 187, 34, 176, 129, 45, 152, 102, 192, 251, 28, 89, 73, 239, 136, 138, 94, 23, 77, 8, 50, 158, 14, 59, 219, 150, 47, 68, 133, 105, 210, 74, 195, 171, 179, 115, 76, 124, 26, 65, 223, 111, 199, 166, 160, 137, 151, 32, 175, 127, 194, 19, 38, 30, 58, 181, 208, 147, 107, 116, 52, 190, 141, 177, 61, 216, 153, 172, 226, 112, 188, 46, 0, 101, 186, 154, 196, 81, 145, 247, 238, 218, 224, 211, 232, 62, 22, 220, 248, 225, 4, 163, 121, 33, 165, 215, 233, 189, 191, 164, 206, 162, 139, 39, 82, 155, 42, 55, 49, 197, 140, 209, 54, 178, 213, 83, 253, 103, 228
