# Final optimized S-box - THREAD-SAFE VERSION with Early Stopping
# Generated on: 2025-09-23T18:01:49.525
# Format: 16 values per line (256 total)

sbox = UInt8[
    105, 130, 214,   1,  26, 235,  21,  91,  46, 248, 151,  44,  84, 211, 203, 255,
    127,  55, 188,   0, 232, 249, 169, 207, 230, 112, 222,  59, 231, 221,  17, 168,
     79,  33, 122, 120, 170, 196, 174, 215, 143, 171,  71, 197,  51, 239,  52, 118,
    192,  60, 224,   6, 167,  14,  29,  30, 213, 173,  58,  27,  54, 185, 247, 186,
     92, 160,  99, 184, 205, 251,  12,  31, 149, 179, 129,  73,  37, 223, 212,   2,
    108,  16, 107,  96, 226,  34,   3,  69, 164, 201, 145,  22,  85,  53,  28,  98,
    128,  68, 126,  72,  25, 115,  87, 152, 199,  88,   9,  13, 250, 172,  94,  82,
     40,  41,  67, 237, 220, 142,  74,  39, 198, 100, 238, 103,  89, 166, 132, 217,
    114, 133, 177,  38,  86, 195, 254,  61, 219,  70,  77, 208,  78, 110,  18, 228,
    138, 163, 113, 136, 109, 162, 200,  97, 141, 148, 210,  24, 135, 176, 202, 111,
     47,   8, 155, 144, 125, 193, 116,  11, 191, 182, 180,  83, 253, 102,  56,  64,
    131, 206, 159, 241,  20, 233, 229, 147,  45, 187, 209,  15, 234, 137, 150,  36,
     10, 225,  19,  81, 218, 119,  90, 101, 158,  49, 139,  63, 246,  23, 123,  35,
    236, 161, 190, 121, 140, 242, 146, 156,  66, 104,  50,  43, 227, 240, 204, 245,
     80, 124, 165,  48, 134,   5,  75, 194, 216,  65, 178, 244, 117,  95, 157,   4,
     76,  57, 243, 154,   7, 181, 183,  93, 175,  62, 106,  32,  42, 153, 252, 189
]

# Comma-separated format:
105, 130, 214, 1, 26, 235, 21, 91, 46, 248, 151, 44, 84, 211, 203, 255, 127, 55, 188, 0, 232, 249, 169, 207, 230, 112, 222, 59, 231, 221, 17, 168, 79, 33, 122, 120, 170, 196, 174, 215, 143, 171, 71, 197, 51, 239, 52, 118, 192, 60, 224, 6, 167, 14, 29, 30, 213, 173, 58, 27, 54, 185, 247, 186, 92, 160, 99, 184, 205, 251, 12, 31, 149, 179, 129, 73, 37, 223, 212, 2, 108, 16, 107, 96, 226, 34, 3, 69, 164, 201, 145, 22, 85, 53, 28, 98, 128, 68, 126, 72, 25, 115, 87, 152, 199, 88, 9, 13, 250, 172, 94, 82, 40, 41, 67, 237, 220, 142, 74, 39, 198, 100, 238, 103, 89, 166, 132, 217, 114, 133, 177, 38, 86, 195, 254, 61, 219, 70, 77, 208, 78, 110, 18, 228, 138, 163, 113, 136, 109, 162, 200, 97, 141, 148, 210, 24, 135, 176, 202, 111, 47, 8, 155, 144, 125, 193, 116, 11, 191, 182, 180, 83, 253, 102, 56, 64, 131, 206, 159, 241, 20, 233, 229, 147, 45, 187, 209, 15, 234, 137, 150, 36, 10, 225, 19, 81, 218, 119, 90, 101, 158, 49, 139, 63, 246, 23, 123, 35, 236, 161, 190, 121, 140, 242, 146, 156, 66, 104, 50, 43, 227, 240, 204, 245, 80, 124, 165, 48, 134, 5, 75, 194, 216, 65, 178, 244, 117, 95, 157, 4, 76, 57, 243, 154, 7, 181, 183, 93, 175, 62, 106, 32, 42, 153, 252, 189
