# Final optimized S-box - THREAD-SAFE VERSION with Early Stopping
# Generated on: 2025-09-12T06:54:36.643
# Format: 16 values per line (256 total)

sbox = UInt8[
    217, 218,   2, 204,   3, 229,  98, 197, 104, 187, 137, 235, 181, 183,  16,  61,
    224, 179, 142,  19, 162,  74,  73, 123,  25,  24, 203, 154,  48, 202,  57,   9,
    130,  29, 135, 133, 214,  33, 138, 118, 246, 109, 117,  46,  53, 215,  80, 239,
     78, 211, 249,  39,  45, 241, 200,  55, 143, 169,  54, 190, 100, 178, 124, 151,
    122,  68,  62, 170,  10,  50,  41, 199, 184, 254, 105, 196, 189, 186, 206,  79,
     70, 156, 228, 250,  38,  15, 174, 194,  65, 127,  59, 153, 209,  64, 216,  94,
     96,  83,  97, 152,  52, 176, 144,  63, 103,  89, 102,  26,  47, 166, 112,  99,
    167, 171,  32, 155,  30, 145, 201, 140, 213, 191,  66,  17,  14, 192, 212,  88,
    255, 125, 180, 164, 119,  92,  34,  85, 205,  11, 219,  90, 242, 108, 227, 134,
     12,   5, 146,  36, 223, 237, 136, 232, 252,  91, 116, 115, 208,  18,  81, 113,
    248, 121,  43, 163,  84, 251,   6,  75,  40, 193, 222, 114,  13, 161,  23, 247,
    101,  95, 185,  28, 157, 131, 238,  69,  71, 106, 195, 177,  60, 111, 129, 172,
    139, 165, 159, 207, 236,  49,  67,  86, 245, 110, 126, 107,  87, 150,  31, 182,
    149, 234,  76, 230, 225,   0, 158, 240, 128, 221,  58, 168, 210,  22,  27,   4,
    173,  56,  20, 132,   8,  93, 188, 220,  82,   1, 198,  42, 160, 244, 147, 233,
    141,  44, 226, 243,  72,  21,  35, 175, 120,   7, 231,  51,  37, 253,  77, 148
]

# Comma-separated format:
217, 218, 2, 204, 3, 229, 98, 197, 104, 187, 137, 235, 181, 183, 16, 61, 224, 179, 142, 19, 162, 74, 73, 123, 25, 24, 203, 154, 48, 202, 57, 9, 130, 29, 135, 133, 214, 33, 138, 118, 246, 109, 117, 46, 53, 215, 80, 239, 78, 211, 249, 39, 45, 241, 200, 55, 143, 169, 54, 190, 100, 178, 124, 151, 122, 68, 62, 170, 10, 50, 41, 199, 184, 254, 105, 196, 189, 186, 206, 79, 70, 156, 228, 250, 38, 15, 174, 194, 65, 127, 59, 153, 209, 64, 216, 94, 96, 83, 97, 152, 52, 176, 144, 63, 103, 89, 102, 26, 47, 166, 112, 99, 167, 171, 32, 155, 30, 145, 201, 140, 213, 191, 66, 17, 14, 192, 212, 88, 255, 125, 180, 164, 119, 92, 34, 85, 205, 11, 219, 90, 242, 108, 227, 134, 12, 5, 146, 36, 223, 237, 136, 232, 252, 91, 116, 115, 208, 18, 81, 113, 248, 121, 43, 163, 84, 251, 6, 75, 40, 193, 222, 114, 13, 161, 23, 247, 101, 95, 185, 28, 157, 131, 238, 69, 71, 106, 195, 177, 60, 111, 129, 172, 139, 165, 159, 207, 236, 49, 67, 86, 245, 110, 126, 107, 87, 150, 31, 182, 149, 234, 76, 230, 225, 0, 158, 240, 128, 221, 58, 168, 210, 22, 27, 4, 173, 56, 20, 132, 8, 93, 188, 220, 82, 1, 198, 42, 160, 244, 147, 233, 141, 44, 226, 243, 72, 21, 35, 175, 120, 7, 231, 51, 37, 253, 77, 148
