# Final optimized S-box - THREAD-SAFE VERSION with Early Stopping
# Generated on: 2025-09-23T20:15:33.017
# Format: 16 values per line (256 total)

sbox = UInt8[
    187, 107, 195, 243,  58,  98,  95, 126, 183,  37,   8, 208, 222, 132, 248, 165,
    166,   3,   4,  45, 216, 142,  41,  87,  83, 155, 163,  19, 154, 249,  11,  44,
    247, 123, 144,  71,  40,  93, 116, 130,  85,  82, 180, 157, 186, 167, 100, 156,
    140,  69, 110, 149,  76,  43, 161,  21, 214,  77,  90,  84, 191, 206,  15, 164,
    131,  10,  64, 146, 207,  53,  65, 240,  34,  67, 119, 148, 209, 145, 229,  80,
    178, 205,  18,   0, 177,  73, 174, 215,  12, 212, 219, 231,  50, 199, 252,  49,
    128, 255,  91, 189,  55,  89, 170, 121, 192,  94, 143, 200, 210, 235, 159, 182,
     30, 230,  86, 152, 160, 105,  13, 232, 221, 150, 224, 211, 106,  51, 185,  72,
    196, 127,  14,  33, 175, 111,  42,  59,  24, 246, 202,  78,  79, 125, 236,  70,
    179, 176,  39,  92, 120, 234,  96, 253, 193, 201,   6,  99,  56,  22,  36, 112,
    158, 239, 172,  16,  31, 223,  74,  20,  63, 250,  27, 138, 245, 118,   2, 134,
    124, 113,  66, 238, 244,  62,  75,  28,  47,  48,  26, 114, 169, 136, 117, 233,
    147, 188, 228, 241,  17, 220, 168, 103, 102, 129, 218,  25,  29, 203, 101, 141,
      1, 162, 197, 226,  35, 109, 139,   7,  46,  38,   5, 251, 153, 115, 104, 137,
     68, 242,  23, 217, 135,  32,  88, 198, 171, 237,  61, 184, 108,  81, 225,   9,
    254,  60, 227,  57, 173,  97, 151, 181, 133, 213, 194, 122, 204,  52,  54, 190
]

# Comma-separated format:
187, 107, 195, 243, 58, 98, 95, 126, 183, 37, 8, 208, 222, 132, 248, 165, 166, 3, 4, 45, 216, 142, 41, 87, 83, 155, 163, 19, 154, 249, 11, 44, 247, 123, 144, 71, 40, 93, 116, 130, 85, 82, 180, 157, 186, 167, 100, 156, 140, 69, 110, 149, 76, 43, 161, 21, 214, 77, 90, 84, 191, 206, 15, 164, 131, 10, 64, 146, 207, 53, 65, 240, 34, 67, 119, 148, 209, 145, 229, 80, 178, 205, 18, 0, 177, 73, 174, 215, 12, 212, 219, 231, 50, 199, 252, 49, 128, 255, 91, 189, 55, 89, 170, 121, 192, 94, 143, 200, 210, 235, 159, 182, 30, 230, 86, 152, 160, 105, 13, 232, 221, 150, 224, 211, 106, 51, 185, 72, 196, 127, 14, 33, 175, 111, 42, 59, 24, 246, 202, 78, 79, 125, 236, 70, 179, 176, 39, 92, 120, 234, 96, 253, 193, 201, 6, 99, 56, 22, 36, 112, 158, 239, 172, 16, 31, 223, 74, 20, 63, 250, 27, 138, 245, 118, 2, 134, 124, 113, 66, 238, 244, 62, 75, 28, 47, 48, 26, 114, 169, 136, 117, 233, 147, 188, 228, 241, 17, 220, 168, 103, 102, 129, 218, 25, 29, 203, 101, 141, 1, 162, 197, 226, 35, 109, 139, 7, 46, 38, 5, 251, 153, 115, 104, 137, 68, 242, 23, 217, 135, 32, 88, 198, 171, 237, 61, 184, 108, 81, 225, 9, 254, 60, 227, 57, 173, 97, 151, 181, 133, 213, 194, 122, 204, 52, 54, 190
