# Final optimized S-box - THREAD-SAFE VERSION with Early Stopping
# Generated on: 2025-09-14T22:00:40.221
# Format: 16 values per line (256 total)

sbox = UInt8[
    142, 107, 195, 243, 198, 230, 118,  94, 183,  37, 242, 208, 222, 132, 248, 225,
    166,   3,   4,  45, 216, 174, 162,  87,  83, 152, 163,  19, 154, 249,  11,  44,
    149,  49, 145,  71, 111,  93, 116, 240,  85,  82, 180, 137, 186, 167, 100, 156,
    140,  69,  78,  96,  76,  43, 192,  21, 151,  77,  90,  84, 159, 201, 182, 164,
    131,  10,   0, 202, 207,  53,  65, 227,  34,  67, 119, 136, 184, 125, 135,  80,
    178, 105, 255,  64, 177,  38, 187,  18, 220, 212, 219, 231, 175, 199, 252, 165,
     23, 189,  91,  27,  55, 205,   7, 121,  33, 126,  68,  61, 229, 235, 169, 173,
    214, 108,  98, 153, 160,  89,  13, 232, 138,  86, 224, 211, 110,  72,  46, 244,
    196, 127,  14, 157,  95, 122,  42,  59, 209, 246, 203,   6,  79, 226, 143,  70,
    179, 176,  39,  92, 120, 200, 106, 217, 193, 213, 247,  99,  56,  22,  36, 112,
    117, 239, 172,  16,  31, 223,  74,  20,  66, 250, 155, 191, 245, 150,   2, 221,
    124, 113, 130, 238,  41,  24,  75, 210,  47,  48,  26, 114, 144, 234, 158,  17,
     51, 188, 128, 241, 233, 185, 168, 103,  30, 139, 147,  25,  29, 134,  52, 141,
      1,  40, 197, 146,  35, 170, 148,  88,  63, 171,   5, 109, 253, 115, 104, 218,
     12,  28,   8, 206, 129,  32, 102, 236,  73, 237,  15, 228,  57,  81, 101,   9,
    254,  60, 190, 215, 161,  97,  58, 181, 133, 251, 194, 123, 204,  62,  54,  50
]

# Comma-separated format:
142, 107, 195, 243, 198, 230, 118, 94, 183, 37, 242, 208, 222, 132, 248, 225, 166, 3, 4, 45, 216, 174, 162, 87, 83, 152, 163, 19, 154, 249, 11, 44, 149, 49, 145, 71, 111, 93, 116, 240, 85, 82, 180, 137, 186, 167, 100, 156, 140, 69, 78, 96, 76, 43, 192, 21, 151, 77, 90, 84, 159, 201, 182, 164, 131, 10, 0, 202, 207, 53, 65, 227, 34, 67, 119, 136, 184, 125, 135, 80, 178, 105, 255, 64, 177, 38, 187, 18, 220, 212, 219, 231, 175, 199, 252, 165, 23, 189, 91, 27, 55, 205, 7, 121, 33, 126, 68, 61, 229, 235, 169, 173, 214, 108, 98, 153, 160, 89, 13, 232, 138, 86, 224, 211, 110, 72, 46, 244, 196, 127, 14, 157, 95, 122, 42, 59, 209, 246, 203, 6, 79, 226, 143, 70, 179, 176, 39, 92, 120, 200, 106, 217, 193, 213, 247, 99, 56, 22, 36, 112, 117, 239, 172, 16, 31, 223, 74, 20, 66, 250, 155, 191, 245, 150, 2, 221, 124, 113, 130, 238, 41, 24, 75, 210, 47, 48, 26, 114, 144, 234, 158, 17, 51, 188, 128, 241, 233, 185, 168, 103, 30, 139, 147, 25, 29, 134, 52, 141, 1, 40, 197, 146, 35, 170, 148, 88, 63, 171, 5, 109, 253, 115, 104, 218, 12, 28, 8, 206, 129, 32, 102, 236, 73, 237, 15, 228, 57, 81, 101, 9, 254, 60, 190, 215, 161, 97, 58, 181, 133, 251, 194, 123, 204, 62, 54, 50
