# Final optimized S-box - THREAD-SAFE VERSION with Early Stopping
# Generated on: 2025-09-23T16:46:35.869
# Format: 16 values per line (256 total)

sbox = UInt8[
    105, 130, 214,   1,  26, 235,  21,  79,  46, 248, 151,  44,  84, 181, 203, 187,
    127,  55, 174,   0, 232, 216, 233,   9, 230, 112, 222,  59, 231, 221, 252,  40,
    198,  34, 122, 110,  41, 210, 118, 183, 188, 171, 196, 170,  51, 123,   8,  11,
    192,  60, 224, 213, 167,  14,  29,  30, 124, 173,  45,  27,  54, 185, 207, 186,
     92, 113,  78, 184, 205, 243,  12,  31, 149, 179, 164,  73,  22, 223, 212, 148,
    108,  16, 107,  96,  71,  32,   3,  69, 177, 201, 145, 247,  85, 200,  28,  98,
    128,  68, 126, 237,  25, 115,  87,  90, 215,  88,  39,  13, 250, 172,  94, 120,
    129,   5,  67,  57, 220, 142,  74, 168, 117, 100, 251, 219,  89, 166, 132, 189,
    114, 197,   7,  38,  86, 195, 254,  61,  35,  70,  77, 208,  65,  17,  18, 228,
    138, 217,  58, 136, 163, 162, 169,  97, 141, 144, 226,  24, 135,  47, 202, 111,
    165,  83, 152,   2, 125, 236, 116, 143, 255, 182, 180,  52, 253, 102,  48,  64,
    131, 206, 159, 241,  20,  37, 229, 147, 178, 249, 209, 234,  81, 137, 150,  36,
     10, 225,  19,  15,  82, 119,  23, 101, 158,  91, 139,  63, 246, 155, 239, 103,
    218, 161, 190, 121, 140, 242, 146, 156,  66, 104,  50,  43, 227, 240, 204, 245,
     80,   6, 176,  49, 134, 133,  75, 194, 191,  99, 160, 244,  56,  95, 157,   4,
     76,  72, 238, 154,  53, 211, 199,  93, 175,  62, 106,  33,  42, 153, 193, 109
]

# Comma-separated format:
105, 130, 214, 1, 26, 235, 21, 79, 46, 248, 151, 44, 84, 181, 203, 187, 127, 55, 174, 0, 232, 216, 233, 9, 230, 112, 222, 59, 231, 221, 252, 40, 198, 34, 122, 110, 41, 210, 118, 183, 188, 171, 196, 170, 51, 123, 8, 11, 192, 60, 224, 213, 167, 14, 29, 30, 124, 173, 45, 27, 54, 185, 207, 186, 92, 113, 78, 184, 205, 243, 12, 31, 149, 179, 164, 73, 22, 223, 212, 148, 108, 16, 107, 96, 71, 32, 3, 69, 177, 201, 145, 247, 85, 200, 28, 98, 128, 68, 126, 237, 25, 115, 87, 90, 215, 88, 39, 13, 250, 172, 94, 120, 129, 5, 67, 57, 220, 142, 74, 168, 117, 100, 251, 219, 89, 166, 132, 189, 114, 197, 7, 38, 86, 195, 254, 61, 35, 70, 77, 208, 65, 17, 18, 228, 138, 217, 58, 136, 163, 162, 169, 97, 141, 144, 226, 24, 135, 47, 202, 111, 165, 83, 152, 2, 125, 236, 116, 143, 255, 182, 180, 52, 253, 102, 48, 64, 131, 206, 159, 241, 20, 37, 229, 147, 178, 249, 209, 234, 81, 137, 150, 36, 10, 225, 19, 15, 82, 119, 23, 101, 158, 91, 139, 63, 246, 155, 239, 103, 218, 161, 190, 121, 140, 242, 146, 156, 66, 104, 50, 43, 227, 240, 204, 245, 80, 6, 176, 49, 134, 133, 75, 194, 191, 99, 160, 244, 56, 95, 157, 4, 76, 72, 238, 154, 53, 211, 199, 93, 175, 62, 106, 33, 42, 153, 193, 109
