# Final optimized S-box - THREAD-SAFE VERSION with Early Stopping
# Generated on: 2025-09-10T01:32:22.343
# Format: 16 values per line (256 total)

sbox = UInt8[
     30, 107, 142, 161, 214,  98, 154,  78, 183,  18,   8, 208, 222, 230, 248, 225,
    166, 156, 242, 243, 114, 174, 229,  87,  35,   0, 163,  55,  91,  19, 164,  44,
    101,  34, 145,  71,  38,  93, 116, 240,  85,  82, 180, 249, 220, 167, 100,   3,
    140,  69, 247,  96,  76,  43,  45,  21, 151,  77, 175,  64, 207, 239, 215,  13,
    102,  10, 221, 131,  41,  53, 115, 109,  49, 192, 119, 148,  24, 125, 139,  80,
    178, 205, 233,  84, 186,  73, 187, 141, 177, 212, 219, 231,  95, 135, 252,  68,
     23,  37, 132, 189, 137,  89,   7, 121,  17,  94, 143, 111, 124, 235,   4, 182,
    146, 108,  86, 217, 160,  65,  11,  15, 138, 191, 224, 211, 110,  51, 150, 210,
    196, 127, 200, 162, 199, 201,  42,   6, 209, 246, 203, 255,  79, 226,  63,  70,
    122, 176,  39,  92, 120, 106,  54, 253, 193, 206,  59,  99,  56,  22,  36, 112,
    158,  27, 172,  16,  31, 223,  83,  20,  66, 250, 155, 228, 245, 118,   2, 134,
    157, 113, 130, 238, 152, 184,  75,  28,  47,  48,  26, 169, 216, 136, 117, 159,
     90, 188, 185, 241, 126,  57, 168, 103, 195, 147,  72,  25,  29, 202, 227, 234,
      1,  40, 197, 213,  74, 170, 128, 198,  46,  67,   5, 251, 153, 105, 104, 218,
     12, 244,  33, 190, 129, 171,  88, 236,  32, 237,  61,  52, 179,  81, 149,   9,
    254,  60, 165, 232, 173,  97,  58, 181, 133, 144, 194, 123, 204,  62,  14,  50
]

# Comma-separated format:
30, 107, 142, 161, 214, 98, 154, 78, 183, 18, 8, 208, 222, 230, 248, 225, 166, 156, 242, 243, 114, 174, 229, 87, 35, 0, 163, 55, 91, 19, 164, 44, 101, 34, 145, 71, 38, 93, 116, 240, 85, 82, 180, 249, 220, 167, 100, 3, 140, 69, 247, 96, 76, 43, 45, 21, 151, 77, 175, 64, 207, 239, 215, 13, 102, 10, 221, 131, 41, 53, 115, 109, 49, 192, 119, 148, 24, 125, 139, 80, 178, 205, 233, 84, 186, 73, 187, 141, 177, 212, 219, 231, 95, 135, 252, 68, 23, 37, 132, 189, 137, 89, 7, 121, 17, 94, 143, 111, 124, 235, 4, 182, 146, 108, 86, 217, 160, 65, 11, 15, 138, 191, 224, 211, 110, 51, 150, 210, 196, 127, 200, 162, 199, 201, 42, 6, 209, 246, 203, 255, 79, 226, 63, 70, 122, 176, 39, 92, 120, 106, 54, 253, 193, 206, 59, 99, 56, 22, 36, 112, 158, 27, 172, 16, 31, 223, 83, 20, 66, 250, 155, 228, 245, 118, 2, 134, 157, 113, 130, 238, 152, 184, 75, 28, 47, 48, 26, 169, 216, 136, 117, 159, 90, 188, 185, 241, 126, 57, 168, 103, 195, 147, 72, 25, 29, 202, 227, 234, 1, 40, 197, 213, 74, 170, 128, 198, 46, 67, 5, 251, 153, 105, 104, 218, 12, 244, 33, 190, 129, 171, 88, 236, 32, 237, 61, 52, 179, 81, 149, 9, 254, 60, 165, 232, 173, 97, 58, 181, 133, 144, 194, 123, 204, 62, 14, 50
