# Final optimized S-box - THREAD-SAFE VERSION with Early Stopping
# Generated on: 2025-09-18T02:11:25.198
# Format: 16 values per line (256 total)

sbox = UInt8[
    100, 230,   3, 241,  24,  50,  22, 227,   5,   7, 125,  35, 148, 196,  43, 201,
    174,  91, 113,  60, 143,  20, 242,  18,   6, 116, 185,  12, 142,  51, 150, 223,
     17,  41, 183, 236, 167, 231,  96, 121, 140,  40,  42, 239, 156,  36, 221, 123,
    134, 205,  63,  56,  80,  53,  16, 106, 228, 217,  29, 189, 212, 216, 215,  31,
     95,   2, 244, 151,  54, 255, 254, 122,  98,  82, 118,  37, 184, 229,  10, 199,
    235,  48,  65, 115, 165,  85,   9,  57, 207, 243, 246, 186, 144,  44,  71, 166,
    249, 159,  97,  13,  45, 173, 182, 240, 114, 203, 104,  46, 135, 131,  99,  78,
    245,  11, 169,  88,  87, 192, 180, 146, 117, 222, 119, 168,  58,  27,  84, 214,
    252,  90, 202, 101,  66, 193, 145,  74,  79,  72, 187, 178, 176, 129, 120,  34,
    102,  93, 251,  77,  89, 109, 110, 136, 138,  94,  23, 141,   8, 232, 158,  14,
     59,  70, 126,  47,  68, 133, 105, 210, 226, 128, 171, 132, 157,  76, 124,  26,
     73,  92, 111,  64,  21, 160, 137, 161,  32, 175, 127, 194,  25,  69,  30, 200,
    181, 213, 147, 107,  19,  52, 190,  28, 177,  61, 130, 153, 172,   4, 112, 188,
    170,   0, 237,  38, 154, 208,  81, 108, 247, 238, 218, 224, 211, 152,  62, 219,
    220, 248, 225, 204, 163, 195,  33, 234, 198, 233, 149, 191, 164, 206, 162, 139,
     39,  86, 155,  67,  55, 197,  49,   1, 209, 179, 250,  15,  83, 253, 103,  75
]

# Comma-separated format:
100, 230, 3, 241, 24, 50, 22, 227, 5, 7, 125, 35, 148, 196, 43, 201, 174, 91, 113, 60, 143, 20, 242, 18, 6, 116, 185, 12, 142, 51, 150, 223, 17, 41, 183, 236, 167, 231, 96, 121, 140, 40, 42, 239, 156, 36, 221, 123, 134, 205, 63, 56, 80, 53, 16, 106, 228, 217, 29, 189, 212, 216, 215, 31, 95, 2, 244, 151, 54, 255, 254, 122, 98, 82, 118, 37, 184, 229, 10, 199, 235, 48, 65, 115, 165, 85, 9, 57, 207, 243, 246, 186, 144, 44, 71, 166, 249, 159, 97, 13, 45, 173, 182, 240, 114, 203, 104, 46, 135, 131, 99, 78, 245, 11, 169, 88, 87, 192, 180, 146, 117, 222, 119, 168, 58, 27, 84, 214, 252, 90, 202, 101, 66, 193, 145, 74, 79, 72, 187, 178, 176, 129, 120, 34, 102, 93, 251, 77, 89, 109, 110, 136, 138, 94, 23, 141, 8, 232, 158, 14, 59, 70, 126, 47, 68, 133, 105, 210, 226, 128, 171, 132, 157, 76, 124, 26, 73, 92, 111, 64, 21, 160, 137, 161, 32, 175, 127, 194, 25, 69, 30, 200, 181, 213, 147, 107, 19, 52, 190, 28, 177, 61, 130, 153, 172, 4, 112, 188, 170, 0, 237, 38, 154, 208, 81, 108, 247, 238, 218, 224, 211, 152, 62, 219, 220, 248, 225, 204, 163, 195, 33, 234, 198, 233, 149, 191, 164, 206, 162, 139, 39, 86, 155, 67, 55, 197, 49, 1, 209, 179, 250, 15, 83, 253, 103, 75
