# Final optimized S-box - THREAD-SAFE VERSION with Early Stopping
# Generated on: 2025-09-12T18:30:21.213
# Format: 16 values per line (256 total)

sbox = UInt8[
    105, 130, 214, 223,  26, 235,  21,  91,  57,  58, 151,  44,  84, 132, 203,  48,
    127,  55, 174,   0, 232, 216,  53, 207, 252, 112, 222, 163, 231, 221,  79,  40,
    230,  34, 126, 120,  41, 196,  30, 183, 188, 171,  71, 170,  51, 239,  52, 118,
    192,  60, 224, 213, 167,  14,  88,  22, 124, 173,  45,  27,  54, 185, 247, 186,
     92, 113,  99, 176, 205, 219,  12,  31, 149, 179, 129,  73, 172,  13, 212,   2,
    108,  16, 123,  96, 248,  32,   3,  69, 177, 237, 145,  80,  85, 200,  28,  98,
    128,  68, 165,   1,  25, 115,  86,  90, 215,  95,   9, 201, 250, 143,  94,  82,
     39, 243,  67,  46, 220, 142,  74, 168, 117, 100, 251, 103,  89, 166, 236, 136,
    114, 133, 164,  38,  87, 195, 254,  61,  35,  70,  77, 208,  78, 181,  18, 228,
    138, 217, 184,  59, 109, 162, 169,  97, 141, 148, 242,  24, 135, 226, 202, 111,
    175,   8, 155,  15, 125, 211, 116,  11, 191, 182, 180,  83, 253, 102,  56,  64,
    131, 140, 159, 241,  47, 233, 229, 147, 210, 193, 209, 234,  81, 137, 150,  36,
     10, 225,  19, 197, 110, 119, 152, 101, 158, 198, 139,  63, 246,  23,  29, 218,
    144, 161, 190, 121, 154, 122, 146, 156,  66, 104,  50,  43, 227, 240, 204, 245,
    107,   6, 178, 255, 134,   5,  75, 249, 187,  65, 160, 244,  49,   7, 157,   4,
     76,  72, 238, 206,  37,  17, 199,  93,  20,  62, 106,  33,  42, 153, 194, 189
]

# Comma-separated format:
105, 130, 214, 223, 26, 235, 21, 91, 57, 58, 151, 44, 84, 132, 203, 48, 127, 55, 174, 0, 232, 216, 53, 207, 252, 112, 222, 163, 231, 221, 79, 40, 230, 34, 126, 120, 41, 196, 30, 183, 188, 171, 71, 170, 51, 239, 52, 118, 192, 60, 224, 213, 167, 14, 88, 22, 124, 173, 45, 27, 54, 185, 247, 186, 92, 113, 99, 176, 205, 219, 12, 31, 149, 179, 129, 73, 172, 13, 212, 2, 108, 16, 123, 96, 248, 32, 3, 69, 177, 237, 145, 80, 85, 200, 28, 98, 128, 68, 165, 1, 25, 115, 86, 90, 215, 95, 9, 201, 250, 143, 94, 82, 39, 243, 67, 46, 220, 142, 74, 168, 117, 100, 251, 103, 89, 166, 236, 136, 114, 133, 164, 38, 87, 195, 254, 61, 35, 70, 77, 208, 78, 181, 18, 228, 138, 217, 184, 59, 109, 162, 169, 97, 141, 148, 242, 24, 135, 226, 202, 111, 175, 8, 155, 15, 125, 211, 116, 11, 191, 182, 180, 83, 253, 102, 56, 64, 131, 140, 159, 241, 47, 233, 229, 147, 210, 193, 209, 234, 81, 137, 150, 36, 10, 225, 19, 197, 110, 119, 152, 101, 158, 198, 139, 63, 246, 23, 29, 218, 144, 161, 190, 121, 154, 122, 146, 156, 66, 104, 50, 43, 227, 240, 204, 245, 107, 6, 178, 255, 134, 5, 75, 249, 187, 65, 160, 244, 49, 7, 157, 4, 76, 72, 238, 206, 37, 17, 199, 93, 20, 62, 106, 33, 42, 153, 194, 189
