# Final optimized S-box - THREAD-SAFE VERSION with Early Stopping
# Generated on: 2025-09-17T18:45:58.763
# Format: 16 values per line (256 total)

sbox = UInt8[
    105, 130, 214,   1, 188,  21, 235,  91,  46, 242, 151,  44,  84, 211, 201, 255,
    127,  55, 174,   0, 232, 216,  53, 207, 230, 112, 222,  59, 231, 221, 252,  40,
    108,  34,  51, 120,  41, 196, 143, 183,  26,  76, 224, 170, 114, 239, 103, 118,
    192,  60, 113, 213, 167, 162,  29,  30, 124, 173,  45,  27,  52, 185,  17, 186,
     92,  25,  99, 184, 205, 243,  12,  31, 149, 179, 129, 191, 146,  20, 212,   2,
    111, 250, 107,  96, 226,  32,   3,  69, 177, 206, 145,   7,  85, 200,  28,  98,
    197,  68, 165, 237,  71, 115,  87,  90,  22,  88, 236,  13,  16, 172,  94,  82,
     39, 148,  67,  57, 220,  77,  74, 168, 117, 100, 251, 219,  89, 225, 128, 163,
    122, 133, 132,  38,  86, 195, 254,  61,  35,  70, 244, 208,  78, 181,  18, 248,
    138, 217,  58, 136, 109, 169,  14,  97, 141, 164, 210, 150, 135, 176, 202,  79,
     47,   8,  63, 144, 125,   9, 116,  11,  73, 160, 180,  83, 253, 102,  56,  64,
    131, 203, 159, 241, 182, 233, 229, 147,  48, 249, 209, 234,  81, 137, 215,  36,
     10, 166,  19,  15, 110, 119, 152, 101, 158, 198, 139, 187, 246,  23, 123,  54,
    218, 161, 190, 121, 140, 228,  24, 156,  66, 104,  50,  43, 227,   6, 204, 245,
     80, 223, 126, 178, 134,   5,  75, 194, 155,  65, 240, 247,  49,  95, 157,   4,
    171,  72, 238, 154,  37,  93, 199, 142, 175,  62, 106,  33,  42, 153, 193, 189
]

# Comma-separated format:
105, 130, 214, 1, 188, 21, 235, 91, 46, 242, 151, 44, 84, 211, 201, 255, 127, 55, 174, 0, 232, 216, 53, 207, 230, 112, 222, 59, 231, 221, 252, 40, 108, 34, 51, 120, 41, 196, 143, 183, 26, 76, 224, 170, 114, 239, 103, 118, 192, 60, 113, 213, 167, 162, 29, 30, 124, 173, 45, 27, 52, 185, 17, 186, 92, 25, 99, 184, 205, 243, 12, 31, 149, 179, 129, 191, 146, 20, 212, 2, 111, 250, 107, 96, 226, 32, 3, 69, 177, 206, 145, 7, 85, 200, 28, 98, 197, 68, 165, 237, 71, 115, 87, 90, 22, 88, 236, 13, 16, 172, 94, 82, 39, 148, 67, 57, 220, 77, 74, 168, 117, 100, 251, 219, 89, 225, 128, 163, 122, 133, 132, 38, 86, 195, 254, 61, 35, 70, 244, 208, 78, 181, 18, 248, 138, 217, 58, 136, 109, 169, 14, 97, 141, 164, 210, 150, 135, 176, 202, 79, 47, 8, 63, 144, 125, 9, 116, 11, 73, 160, 180, 83, 253, 102, 56, 64, 131, 203, 159, 241, 182, 233, 229, 147, 48, 249, 209, 234, 81, 137, 215, 36, 10, 166, 19, 15, 110, 119, 152, 101, 158, 198, 139, 187, 246, 23, 123, 54, 218, 161, 190, 121, 140, 228, 24, 156, 66, 104, 50, 43, 227, 6, 204, 245, 80, 223, 126, 178, 134, 5, 75, 194, 155, 65, 240, 247, 49, 95, 157, 4, 171, 72, 238, 154, 37, 93, 199, 142, 175, 62, 106, 33, 42, 153, 193, 189
