# Final optimized S-box - THREAD-SAFE VERSION with Early Stopping
# Generated on: 2025-09-21T09:39:01.588
# Format: 16 values per line (256 total)

sbox = UInt8[
    115, 234, 217, 158,  49, 120,  45, 240, 161, 227, 116,  88,  93, 143, 210,  26,
     18, 250,  51,  35,  62, 185, 137,  36, 208, 187, 209,  21,  57, 177,  44, 114,
    119, 122,  87, 141, 183, 181,  23,  69, 216, 155,  15, 184, 147, 135, 153,  17,
    131,  91, 239, 197,  37,  81, 189, 152, 253,   2,   9, 211,  92, 139,  80, 146,
    168, 238, 192,  50,  65, 252,  67,  46, 201, 142,  73, 176, 157, 103,  11, 251,
     90, 186,   8,   1,  96,  71, 222,  28,  20,  27, 123, 248,  30,  94, 174, 233,
      0,  43,  29, 205,  47, 163,  12, 243, 113,  99,  83, 133,  13,  39, 124, 246,
     72, 108, 162, 100, 254,  31, 129, 244, 170, 145, 159,  60, 228,  25, 196, 148,
    109, 134, 195,  64,  66, 203,  53,  24,  10, 194, 242,  75, 214,  54, 226, 105,
     34, 110, 247, 175,   4,  68, 125, 150,  82, 106,  86, 112, 151, 138, 127,  40,
    128,  77, 182,  74, 255,  59,  19, 188, 121, 126, 207, 206,  16, 219,  14, 140,
     78, 236, 164, 193,  95, 144,  48,  70,  33, 132,  32, 165, 111,  97, 221,  89,
    172,  58, 237, 199, 102, 232, 107, 149,  85,  38,  63, 118,   6, 166,  41,  56,
    225,  84,  79, 231, 204, 249,   5,  42,   3,  55, 154, 224, 130,  76, 190, 136,
    160, 173, 156, 104, 213, 220, 245, 179, 218, 212, 180, 241,   7,  52, 117, 198,
    191, 229, 215, 167, 202,  98,  61, 178, 169, 200, 101, 171, 230, 223, 235,  22
]

# Comma-separated format:
115, 234, 217, 158, 49, 120, 45, 240, 161, 227, 116, 88, 93, 143, 210, 26, 18, 250, 51, 35, 62, 185, 137, 36, 208, 187, 209, 21, 57, 177, 44, 114, 119, 122, 87, 141, 183, 181, 23, 69, 216, 155, 15, 184, 147, 135, 153, 17, 131, 91, 239, 197, 37, 81, 189, 152, 253, 2, 9, 211, 92, 139, 80, 146, 168, 238, 192, 50, 65, 252, 67, 46, 201, 142, 73, 176, 157, 103, 11, 251, 90, 186, 8, 1, 96, 71, 222, 28, 20, 27, 123, 248, 30, 94, 174, 233, 0, 43, 29, 205, 47, 163, 12, 243, 113, 99, 83, 133, 13, 39, 124, 246, 72, 108, 162, 100, 254, 31, 129, 244, 170, 145, 159, 60, 228, 25, 196, 148, 109, 134, 195, 64, 66, 203, 53, 24, 10, 194, 242, 75, 214, 54, 226, 105, 34, 110, 247, 175, 4, 68, 125, 150, 82, 106, 86, 112, 151, 138, 127, 40, 128, 77, 182, 74, 255, 59, 19, 188, 121, 126, 207, 206, 16, 219, 14, 140, 78, 236, 164, 193, 95, 144, 48, 70, 33, 132, 32, 165, 111, 97, 221, 89, 172, 58, 237, 199, 102, 232, 107, 149, 85, 38, 63, 118, 6, 166, 41, 56, 225, 84, 79, 231, 204, 249, 5, 42, 3, 55, 154, 224, 130, 76, 190, 136, 160, 173, 156, 104, 213, 220, 245, 179, 218, 212, 180, 241, 7, 52, 117, 198, 191, 229, 215, 167, 202, 98, 61, 178, 169, 200, 101, 171, 230, 223, 235, 22
