# Final optimized S-box - THREAD-SAFE VERSION with Early Stopping
# Generated on: 2025-09-17T09:42:24.739
# Format: 16 values per line (256 total)

sbox = UInt8[
     97, 230,   2, 159,  24, 248,  22, 227,   5,   7, 125,  35, 148,  77, 203, 201,
    174,   0,  66,  60, 144,  20, 242,  18,   6,  25,  38, 251, 142,  51, 236,  92,
     17, 141, 120, 126, 167, 231,  96, 121,  29,  59,  42,  40, 156, 108,  10, 123,
    134, 205,  63,  56,  80,  53,  16, 106, 212, 217,  67, 255, 214, 216, 130,  31,
     95,  82, 244, 157, 116, 149,  89, 122,  98,   3, 118,  37, 184, 223, 100, 199,
    235,  48,  64,  74, 229,  85,   9, 175, 207, 243, 160,  13,  23,  44,  71, 166,
    249,  33, 250, 186, 183, 173, 182, 240, 218, 113, 104, 204, 161, 131,  99,  78,
    165, 152, 253,  88,  87, 192, 180,  62, 117, 158, 119, 168, 234,  27,  84, 228,
    252, 164, 202, 101,  36, 193, 222, 135,  79, 143, 187,  34, 176, 129,  45,  11,
    102,  93, 241,  28,  54, 109, 239, 136, 138,  94, 185, 221,   8,  50, 140,  14,
     47,  70, 150, 110,  68, 133, 105, 210, 226, 195, 171, 132, 115,  76, 245,  26,
     65, 124, 111,  73,  21, 107, 137, 151,  32, 247, 127, 194,  19, 238,  30, 200,
    181, 213, 147, 246, 254,  52, 190,  41, 177,  61, 128, 153, 172,  46, 112, 188,
    170,  91, 237, 146, 154, 208,  81, 145,  57,  69,  72, 224, 211, 232, 114, 219,
    220,  43, 225,   4, 163, 198,  12,  58, 215, 233, 189, 191,  90, 206, 162, 139,
     39,  86, 155,  15,  55, 197,  49,   1, 209, 179, 178, 196,  83, 169, 103,  75
]

# Comma-separated format:
97, 230, 2, 159, 24, 248, 22, 227, 5, 7, 125, 35, 148, 77, 203, 201, 174, 0, 66, 60, 144, 20, 242, 18, 6, 25, 38, 251, 142, 51, 236, 92, 17, 141, 120, 126, 167, 231, 96, 121, 29, 59, 42, 40, 156, 108, 10, 123, 134, 205, 63, 56, 80, 53, 16, 106, 212, 217, 67, 255, 214, 216, 130, 31, 95, 82, 244, 157, 116, 149, 89, 122, 98, 3, 118, 37, 184, 223, 100, 199, 235, 48, 64, 74, 229, 85, 9, 175, 207, 243, 160, 13, 23, 44, 71, 166, 249, 33, 250, 186, 183, 173, 182, 240, 218, 113, 104, 204, 161, 131, 99, 78, 165, 152, 253, 88, 87, 192, 180, 62, 117, 158, 119, 168, 234, 27, 84, 228, 252, 164, 202, 101, 36, 193, 222, 135, 79, 143, 187, 34, 176, 129, 45, 11, 102, 93, 241, 28, 54, 109, 239, 136, 138, 94, 185, 221, 8, 50, 140, 14, 47, 70, 150, 110, 68, 133, 105, 210, 226, 195, 171, 132, 115, 76, 245, 26, 65, 124, 111, 73, 21, 107, 137, 151, 32, 247, 127, 194, 19, 238, 30, 200, 181, 213, 147, 246, 254, 52, 190, 41, 177, 61, 128, 153, 172, 46, 112, 188, 170, 91, 237, 146, 154, 208, 81, 145, 57, 69, 72, 224, 211, 232, 114, 219, 220, 43, 225, 4, 163, 198, 12, 58, 215, 233, 189, 191, 90, 206, 162, 139, 39, 86, 155, 15, 55, 197, 49, 1, 209, 179, 178, 196, 83, 169, 103, 75
