# Final optimized S-box - THREAD-SAFE VERSION with Early Stopping
# Generated on: 2025-09-14T18:16:19.593
# Format: 16 values per line (256 total)

sbox = UInt8[
    142, 107, 195, 120, 214,  70,  27,  78, 183,  37, 230, 208, 222, 132, 106, 231,
    166,   3,   4, 250, 143, 174, 171,  87,  83, 217, 113,  19, 154, 248, 181,  44,
    225, 130, 145, 193, 240,  93, 116, 192,  85,  82, 180, 170, 186,  58, 100, 156,
    140,  69, 247, 168, 138,  43, 161,  21,  22, 252,  90,  84, 191, 201,  15, 164,
    131,  10,   0, 146, 207,  53,  65, 114,  34,  67, 119, 148,  24, 125, 135,  80,
    178, 205, 255, 182, 177,  96, 187,  77, 220, 212, 219, 109,  95, 199,  72, 122,
    136,  18,  91, 189,  55,  89,   7, 121,  99,  94, 223, 111, 151, 235, 159, 126,
    102, 108,  86, 238,  35, 105,  13, 232, 202,   8, 224, 211, 110,  51, 185, 157,
     66, 127,  71, 162, 175, 234,  42, 128, 209, 196, 203,   6,  57,  31,  63,  64,
    179, 176,  39,  92,  33, 200, 249, 253,  14, 206,  98, 160,  56, 150,  36, 112,
    158, 239, 172,  11, 216, 242,  74,  20, 246,  45, 155, 221, 165,  97,   2, 134,
    124, 163, 218, 152,  41, 184,  75,  28,  47,  48,  26, 213, 118,  23,  81,  17,
    147, 129, 228, 241, 233,  68,  73, 103,  30,  49, 229,  25,  29,  76, 245, 141,
      1,  40, 197, 251, 149, 244,  59, 198,  46,  38,   5, 243, 153, 115, 169, 139,
     12, 210, 226,  88, 188,  32, 190,  54, 137, 237,  61,  52,  79,  50, 101,   9,
    254,  60, 227, 215, 173, 104, 167,  16, 133, 144, 194, 123, 204,  62, 236, 117
]

# Comma-separated format:
142, 107, 195, 120, 214, 70, 27, 78, 183, 37, 230, 208, 222, 132, 106, 231, 166, 3, 4, 250, 143, 174, 171, 87, 83, 217, 113, 19, 154, 248, 181, 44, 225, 130, 145, 193, 240, 93, 116, 192, 85, 82, 180, 170, 186, 58, 100, 156, 140, 69, 247, 168, 138, 43, 161, 21, 22, 252, 90, 84, 191, 201, 15, 164, 131, 10, 0, 146, 207, 53, 65, 114, 34, 67, 119, 148, 24, 125, 135, 80, 178, 205, 255, 182, 177, 96, 187, 77, 220, 212, 219, 109, 95, 199, 72, 122, 136, 18, 91, 189, 55, 89, 7, 121, 99, 94, 223, 111, 151, 235, 159, 126, 102, 108, 86, 238, 35, 105, 13, 232, 202, 8, 224, 211, 110, 51, 185, 157, 66, 127, 71, 162, 175, 234, 42, 128, 209, 196, 203, 6, 57, 31, 63, 64, 179, 176, 39, 92, 33, 200, 249, 253, 14, 206, 98, 160, 56, 150, 36, 112, 158, 239, 172, 11, 216, 242, 74, 20, 246, 45, 155, 221, 165, 97, 2, 134, 124, 163, 218, 152, 41, 184, 75, 28, 47, 48, 26, 213, 118, 23, 81, 17, 147, 129, 228, 241, 233, 68, 73, 103, 30, 49, 229, 25, 29, 76, 245, 141, 1, 40, 197, 251, 149, 244, 59, 198, 46, 38, 5, 243, 153, 115, 169, 139, 12, 210, 226, 88, 188, 32, 190, 54, 137, 237, 61, 52, 79, 50, 101, 9, 254, 60, 227, 215, 173, 104, 167, 16, 133, 144, 194, 123, 204, 62, 236, 117
