# Final optimized S-box - THREAD-SAFE VERSION with Early Stopping
# Generated on: 2025-09-23T18:45:03.366
# Format: 16 values per line (256 total)

sbox = UInt8[
    105, 130, 128,   1,  26, 235,  21,  91, 123, 248,  85,  44,  84, 211, 203, 255,
    127,  55, 174,   0, 232, 216,  53, 207, 135, 112, 221, 125, 231,  24, 252, 136,
     79,  34,  94, 120,  41, 196, 143, 183, 188, 171,  71, 170,  51, 239,  52,   5,
    192,  60, 224, 213, 167,  14,  25,  30, 124, 173,  45,  27,  54, 185, 247, 186,
     19, 113,  99, 184, 205, 243,  12,  31, 149, 179, 129,  73, 242, 223, 212,   2,
    108,  16, 107,  96, 209,  32,   3,  69, 177,  47, 145,   7, 151, 198,  28,  98,
    210,  22, 126, 237,  59, 201,  87, 122, 215, 218,   9,  13, 250, 172,  90,  82,
    138,  46,  67,  57, 220, 142,  74, 168, 200, 100, 251, 219,  89, 166, 132, 163,
    114, 229, 164,  38,  86, 195, 254,  61,  35,  70,  77, 208,  78,  17,  18, 228,
    234, 217,  58,   8, 109, 162, 169,  97, 141, 148, 214, 222, 103, 176, 202, 111,
    230,  40, 155, 144,  92, 236, 116,  11, 191, 182, 180,  83, 245, 102,  56,  64,
    131, 206, 159, 241,  20, 233,  93, 147, 152, 238, 226,  39,  81, 137, 178,  36,
     10, 225,  49,  15, 110, 119, 118, 101, 158, 253, 139,  63, 246,  23, 197,   6,
     88, 161, 190, 121, 140,  68, 146, 156,  66, 104,  50,  43, 227, 240, 204, 117,
     80, 115, 165,  48, 134, 244,  75, 194, 187,  65, 160, 150,  29,  95, 157,   4,
    106,  72, 249, 154,  37, 181, 199, 133, 175,  62,  76,  33,  42, 153, 193, 189
]

# Comma-separated format:
105, 130, 128, 1, 26, 235, 21, 91, 123, 248, 85, 44, 84, 211, 203, 255, 127, 55, 174, 0, 232, 216, 53, 207, 135, 112, 221, 125, 231, 24, 252, 136, 79, 34, 94, 120, 41, 196, 143, 183, 188, 171, 71, 170, 51, 239, 52, 5, 192, 60, 224, 213, 167, 14, 25, 30, 124, 173, 45, 27, 54, 185, 247, 186, 19, 113, 99, 184, 205, 243, 12, 31, 149, 179, 129, 73, 242, 223, 212, 2, 108, 16, 107, 96, 209, 32, 3, 69, 177, 47, 145, 7, 151, 198, 28, 98, 210, 22, 126, 237, 59, 201, 87, 122, 215, 218, 9, 13, 250, 172, 90, 82, 138, 46, 67, 57, 220, 142, 74, 168, 200, 100, 251, 219, 89, 166, 132, 163, 114, 229, 164, 38, 86, 195, 254, 61, 35, 70, 77, 208, 78, 17, 18, 228, 234, 217, 58, 8, 109, 162, 169, 97, 141, 148, 214, 222, 103, 176, 202, 111, 230, 40, 155, 144, 92, 236, 116, 11, 191, 182, 180, 83, 245, 102, 56, 64, 131, 206, 159, 241, 20, 233, 93, 147, 152, 238, 226, 39, 81, 137, 178, 36, 10, 225, 49, 15, 110, 119, 118, 101, 158, 253, 139, 63, 246, 23, 197, 6, 88, 161, 190, 121, 140, 68, 146, 156, 66, 104, 50, 43, 227, 240, 204, 117, 80, 115, 165, 48, 134, 244, 75, 194, 187, 65, 160, 150, 29, 95, 157, 4, 106, 72, 249, 154, 37, 181, 199, 133, 175, 62, 76, 33, 42, 153, 193, 189
