# Final optimized S-box - THREAD-SAFE VERSION with Early Stopping
# Generated on: 2025-09-21T21:33:08.702
# Format: 16 values per line (256 total)

sbox = UInt8[
    142, 107, 195,  95, 182,  98, 234,  19,   6,  18, 212, 208, 231, 132,  26, 255,
    166,   3,   4,  45, 114, 174, 244,  87,  83, 217, 163, 238, 154, 249,  11,  44,
    149,  49, 145,  71, 192,  93, 184, 202,  85,  82, 180,  86, 220, 167, 100, 183,
    140,  69, 147, 137,  76, 200, 161,  21, 201,  77,  90,  84, 207,  13,  15, 164,
    131,  10,   0, 146,  41,  61,  65, 109,  34,  38, 119, 148,  24,  17, 135,  80,
    178, 205, 225,  64, 186,  73, 187, 150, 136, 116, 219, 222, 243, 188, 252, 122,
     23,  37,  91, 189,  55,  89,   7, 121, 221,  94,  78, 111, 210, 235, 159, 199,
     51, 108,  96, 152, 160, 105, 151, 232, 138, 230, 224, 211, 104, 125, 185, 157,
    196, 127,  14, 213, 175,  27,  42,  59, 209, 246, 110, 156,  79, 226,  63,  70,
    179, 176,  39,  92,  67, 155, 106, 253, 193, 206,   8, 123,  56,  22, 117, 112,
     12, 239, 172,  16,  31, 223,  74,  20,  66, 250, 203,  32, 245,  54,   2, 118,
    124, 113, 130, 143, 191, 126,  75,  28,  47, 102, 248, 169, 216, 177,  36,  48,
    194, 214, 228, 241, 233,  68, 168,  99,  30, 139,  72,  25,  29, 134, 165, 141,
      1,  40, 197, 170,  35, 162, 128, 198,  46, 120,   5, 251, 153, 115,  53, 218,
    158, 229, 242, 190, 129,  43,  88, 236, 171, 237,  33,  52,  57,  81, 101,   9,
    254,  60, 227, 215, 173,  97,  58, 181, 133, 144, 247, 103, 204,  62, 240,  50
]

# Comma-separated format:
142, 107, 195, 95, 182, 98, 234, 19, 6, 18, 212, 208, 231, 132, 26, 255, 166, 3, 4, 45, 114, 174, 244, 87, 83, 217, 163, 238, 154, 249, 11, 44, 149, 49, 145, 71, 192, 93, 184, 202, 85, 82, 180, 86, 220, 167, 100, 183, 140, 69, 147, 137, 76, 200, 161, 21, 201, 77, 90, 84, 207, 13, 15, 164, 131, 10, 0, 146, 41, 61, 65, 109, 34, 38, 119, 148, 24, 17, 135, 80, 178, 205, 225, 64, 186, 73, 187, 150, 136, 116, 219, 222, 243, 188, 252, 122, 23, 37, 91, 189, 55, 89, 7, 121, 221, 94, 78, 111, 210, 235, 159, 199, 51, 108, 96, 152, 160, 105, 151, 232, 138, 230, 224, 211, 104, 125, 185, 157, 196, 127, 14, 213, 175, 27, 42, 59, 209, 246, 110, 156, 79, 226, 63, 70, 179, 176, 39, 92, 67, 155, 106, 253, 193, 206, 8, 123, 56, 22, 117, 112, 12, 239, 172, 16, 31, 223, 74, 20, 66, 250, 203, 32, 245, 54, 2, 118, 124, 113, 130, 143, 191, 126, 75, 28, 47, 102, 248, 169, 216, 177, 36, 48, 194, 214, 228, 241, 233, 68, 168, 99, 30, 139, 72, 25, 29, 134, 165, 141, 1, 40, 197, 170, 35, 162, 128, 198, 46, 120, 5, 251, 153, 115, 53, 218, 158, 229, 242, 190, 129, 43, 88, 236, 171, 237, 33, 52, 57, 81, 101, 9, 254, 60, 227, 215, 173, 97, 58, 181, 133, 144, 247, 103, 204, 62, 240, 50
