# Final optimized S-box - THREAD-SAFE VERSION with Early Stopping
# Generated on: 2025-09-15T01:24:39.499
# Format: 16 values per line (256 total)

sbox = UInt8[
    142, 107,  67, 194, 214,  98, 155,  78,  68,  18,   8, 208, 222, 212, 118, 225,
    166, 233, 120, 162, 114, 174, 244,  87, 255, 184, 163, 149, 113, 249,  11,  44,
    181,  49, 221,  71, 192, 152, 116, 240,  85,  82, 210, 137, 220,   9, 100, 156,
    140,  69,  59,  64,  76,  43, 161, 183, 151,  77,  90,  84, 207,  33, 126,   1,
    131,  10,   0, 146,  41,  53,  65, 109,  34,  38, 119, 148, 135, 125, 132,  80,
    178, 205,  36,  97, 186,  73, 187, 150, 177, 145, 219,   3,  95, 199, 121, 252,
     23, 182,  91, 189, 243,  89,   7, 122, 160,  94, 143, 111, 180, 201, 159,  37,
    102, 108,  86, 130, 169, 105,  13, 232, 138, 154, 224, 211, 110,  12, 164,  51,
    196, 127,  74, 191, 175, 234,  42, 247, 209, 246,  14,   6,  79, 226,  63,  70,
    179, 176,  39,  92,   4, 200, 195, 253, 193, 206,  15,  99,  56,  22,  83, 112,
    158, 239, 172,  16,  31, 223, 235,  20,  66, 250, 170, 144, 245, 248,   2, 134,
    124, 230,  93, 238,  17, 217,  75,  28,  47,  45,  50,  60, 216, 136, 117,  26,
    147, 188, 228, 241, 231,  21, 168, 103,  30, 139,  72,  25,  29, 202, 165, 141,
    185,  40, 197, 213,  35,  27,  61, 198,  46, 106,   5, 251, 153, 115, 104, 218,
    157, 229, 242, 190, 129,  32,  88, 123, 171, 237, 236,  52,  57,  81, 101, 167,
    254, 203, 227, 215, 173,  96,  58,  19, 133, 128,  55,  24, 204,  62,  54,  48
]

# Comma-separated format:
142, 107, 67, 194, 214, 98, 155, 78, 68, 18, 8, 208, 222, 212, 118, 225, 166, 233, 120, 162, 114, 174, 244, 87, 255, 184, 163, 149, 113, 249, 11, 44, 181, 49, 221, 71, 192, 152, 116, 240, 85, 82, 210, 137, 220, 9, 100, 156, 140, 69, 59, 64, 76, 43, 161, 183, 151, 77, 90, 84, 207, 33, 126, 1, 131, 10, 0, 146, 41, 53, 65, 109, 34, 38, 119, 148, 135, 125, 132, 80, 178, 205, 36, 97, 186, 73, 187, 150, 177, 145, 219, 3, 95, 199, 121, 252, 23, 182, 91, 189, 243, 89, 7, 122, 160, 94, 143, 111, 180, 201, 159, 37, 102, 108, 86, 130, 169, 105, 13, 232, 138, 154, 224, 211, 110, 12, 164, 51, 196, 127, 74, 191, 175, 234, 42, 247, 209, 246, 14, 6, 79, 226, 63, 70, 179, 176, 39, 92, 4, 200, 195, 253, 193, 206, 15, 99, 56, 22, 83, 112, 158, 239, 172, 16, 31, 223, 235, 20, 66, 250, 170, 144, 245, 248, 2, 134, 124, 230, 93, 238, 17, 217, 75, 28, 47, 45, 50, 60, 216, 136, 117, 26, 147, 188, 228, 241, 231, 21, 168, 103, 30, 139, 72, 25, 29, 202, 165, 141, 185, 40, 197, 213, 35, 27, 61, 198, 46, 106, 5, 251, 153, 115, 104, 218, 157, 229, 242, 190, 129, 32, 88, 123, 171, 237, 236, 52, 57, 81, 101, 167, 254, 203, 227, 215, 173, 96, 58, 19, 133, 128, 55, 24, 204, 62, 54, 48
