# Final optimized S-box - THREAD-SAFE VERSION with Early Stopping
# Generated on: 2025-09-18T02:31:55.586
# Format: 16 values per line (256 total)

sbox = UInt8[
     66, 230,   3, 220,  24,  29,  22, 227,   5, 127, 125,  35, 148,  10, 180, 201,
    174, 255,  97,  60, 143,   4, 242,  18,   6,  25,  38,  12, 142,  51, 236,  20,
     17, 104, 165, 126, 167, 231,  96, 121,  77, 110, 139,  40, 156,  36, 221, 123,
    134, 205,  63,  56,  80,  53,  16, 106, 228, 217, 163, 182, 212, 105, 130, 155,
     95,   2, 244, 157,  84, 149, 241, 235,  98,  82, 118,  37, 184, 229, 108, 199,
    122,  48,  64,  74, 120,  85,   9,  57, 207, 243, 246,  43, 225,  44,  71, 166,
    249, 159, 224, 190, 183, 173,  91, 240,  54, 203, 109, 204, 161, 135,  99,  78,
    245,  11, 169,  88,  87, 192,  13, 146, 117, 216, 119, 168, 234,  27,  70, 214,
    252, 162, 202, 101, 100, 193,  15, 197,  79, 107, 187, 114, 176, 129,  45, 152,
    102,  93, 251, 131,  89,  41, 239, 136, 138,  94,  23,  28,   8,  50, 158,  14,
     59,   7, 150,  47,  68, 133,  72, 210, 226, 195, 171, 132, 115,  76, 124, 145,
     65, 223, 111,  73,  21, 250, 137, 151,  32, 175,  34, 194,  19,  69,  30,  26,
    181, 213,  42, 222, 116,  52, 191, 141, 177,  61, 128, 153, 172,  46, 112, 188,
    170,   0, 237, 185, 154, 208,  81, 200, 247, 238, 218, 160, 211, 232,  62, 144,
    254, 248, 219,  92,  67, 198,  33,  58, 215, 233, 189, 186, 164, 206,  90, 147,
     39,  86,  31, 140,  55, 113,  49,   1, 209, 179, 178, 196,  83, 253, 103,  75
]

# Comma-separated format:
66, 230, 3, 220, 24, 29, 22, 227, 5, 127, 125, 35, 148, 10, 180, 201, 174, 255, 97, 60, 143, 4, 242, 18, 6, 25, 38, 12, 142, 51, 236, 20, 17, 104, 165, 126, 167, 231, 96, 121, 77, 110, 139, 40, 156, 36, 221, 123, 134, 205, 63, 56, 80, 53, 16, 106, 228, 217, 163, 182, 212, 105, 130, 155, 95, 2, 244, 157, 84, 149, 241, 235, 98, 82, 118, 37, 184, 229, 108, 199, 122, 48, 64, 74, 120, 85, 9, 57, 207, 243, 246, 43, 225, 44, 71, 166, 249, 159, 224, 190, 183, 173, 91, 240, 54, 203, 109, 204, 161, 135, 99, 78, 245, 11, 169, 88, 87, 192, 13, 146, 117, 216, 119, 168, 234, 27, 70, 214, 252, 162, 202, 101, 100, 193, 15, 197, 79, 107, 187, 114, 176, 129, 45, 152, 102, 93, 251, 131, 89, 41, 239, 136, 138, 94, 23, 28, 8, 50, 158, 14, 59, 7, 150, 47, 68, 133, 72, 210, 226, 195, 171, 132, 115, 76, 124, 145, 65, 223, 111, 73, 21, 250, 137, 151, 32, 175, 34, 194, 19, 69, 30, 26, 181, 213, 42, 222, 116, 52, 191, 141, 177, 61, 128, 153, 172, 46, 112, 188, 170, 0, 237, 185, 154, 208, 81, 200, 247, 238, 218, 160, 211, 232, 62, 144, 254, 248, 219, 92, 67, 198, 33, 58, 215, 233, 189, 186, 164, 206, 90, 147, 39, 86, 31, 140, 55, 113, 49, 1, 209, 179, 178, 196, 83, 253, 103, 75
