# Final optimized S-box - THREAD-SAFE VERSION with Early Stopping
# Generated on: 2025-09-09T18:45:31.213
# Format: 16 values per line (256 total)

sbox = UInt8[
    105, 130, 212,   1,  26, 235,  21,  91,  57, 242, 151,  44,  84, 211, 203, 255,
    127,  55, 174,   0, 232, 248,  53,  79, 143, 112, 222,  59, 231, 221, 252,  78,
    237,  34, 122, 120,  41, 196, 197, 117, 188, 171,  71, 170,  51, 239,  52, 214,
    192,  60, 115, 213, 167,  14,  29,  30,   6, 173,  45,  27,  54, 185, 247, 186,
     92, 113, 228, 184, 205, 243,  12,  31, 149, 179, 129,  73,  22, 210, 118,   2,
    108,  16, 107,  96, 216,  32,   3,  69, 177, 234, 145,   7,  85, 200, 132, 226,
    128,  68, 230, 207,  25,  83,  87,  90, 215,  88,   9,  46, 250, 172,  94,  82,
     39,  66,  67,  13,  76, 142,  74, 183,  11, 100, 251, 219,  89,  48, 144, 166,
    223, 133, 164,  38,  86, 195, 254,  61,  35,  70,  77, 208, 178,  17,  18, 224,
    138, 201,  58, 136, 109, 162, 169,  97, 141, 148, 126,  24, 135, 176, 202, 111,
     47,   8, 155,  28, 125, 236, 116, 114, 191, 182, 180,  99, 253, 102,  56,  64,
    131, 206, 159, 241,  20, 233, 229, 147,  40, 249, 209, 217,  81, 137, 150,  36,
     10, 225,  19,  15, 124, 119, 152, 101, 158, 198, 139,  63, 246,  23, 123, 103,
    220, 161, 190, 121, 140,  98, 146, 156, 168, 104,  50,  43, 227, 240, 204, 245,
     80, 110, 165, 163, 134,   5,  75, 194, 187,  65, 160, 244,  49,  95, 157,   4,
    218,  72, 238, 154,  37, 181, 199,  93, 175,  62, 106,  33,  42, 153, 193, 189
]

# Comma-separated format:
105, 130, 212, 1, 26, 235, 21, 91, 57, 242, 151, 44, 84, 211, 203, 255, 127, 55, 174, 0, 232, 248, 53, 79, 143, 112, 222, 59, 231, 221, 252, 78, 237, 34, 122, 120, 41, 196, 197, 117, 188, 171, 71, 170, 51, 239, 52, 214, 192, 60, 115, 213, 167, 14, 29, 30, 6, 173, 45, 27, 54, 185, 247, 186, 92, 113, 228, 184, 205, 243, 12, 31, 149, 179, 129, 73, 22, 210, 118, 2, 108, 16, 107, 96, 216, 32, 3, 69, 177, 234, 145, 7, 85, 200, 132, 226, 128, 68, 230, 207, 25, 83, 87, 90, 215, 88, 9, 46, 250, 172, 94, 82, 39, 66, 67, 13, 76, 142, 74, 183, 11, 100, 251, 219, 89, 48, 144, 166, 223, 133, 164, 38, 86, 195, 254, 61, 35, 70, 77, 208, 178, 17, 18, 224, 138, 201, 58, 136, 109, 162, 169, 97, 141, 148, 126, 24, 135, 176, 202, 111, 47, 8, 155, 28, 125, 236, 116, 114, 191, 182, 180, 99, 253, 102, 56, 64, 131, 206, 159, 241, 20, 233, 229, 147, 40, 249, 209, 217, 81, 137, 150, 36, 10, 225, 19, 15, 124, 119, 152, 101, 158, 198, 139, 63, 246, 23, 123, 103, 220, 161, 190, 121, 140, 98, 146, 156, 168, 104, 50, 43, 227, 240, 204, 245, 80, 110, 165, 163, 134, 5, 75, 194, 187, 65, 160, 244, 49, 95, 157, 4, 218, 72, 238, 154, 37, 181, 199, 93, 175, 62, 106, 33, 42, 153, 193, 189
