# Final optimized S-box - THREAD-SAFE VERSION with Early Stopping
# Generated on: 2025-09-14T23:29:57.162
# Format: 16 values per line (256 total)

sbox = UInt8[
    114, 107, 195, 243, 214, 236,  42,  78, 183, 123,   8,  32, 162, 132, 248,  80,
    166,   3,   4,  81, 131, 174, 244,  87,  83, 182, 163,  19, 154, 249, 134,  44,
     61,  49, 145,  46, 192,  93, 149, 240,  85,  82, 180, 137, 217, 167, 252, 156,
    140,  69, 147,  96,  76,  43, 161, 159, 151,  77,  90,  84, 207, 201,  15, 197,
    228,  10,   0, 146,  41,  53,  65, 245,  34,  38, 119, 148,  24, 125, 218,  37,
    178, 205, 255, 127, 186,  73,  66, 150, 234, 215, 219,  51,  95, 230, 233,  71,
     23, 225,  91, 171, 231,  89,   7, 121,  33,  94,  70, 111, 210, 235, 175, 220,
    102, 212,  86, 152, 160,  97,  13, 232, 138, 165, 224, 211, 169,  64,  54, 157,
     72,  55,  14, 222, 100, 177,  27,  59, 209, 229, 203,   6,  79, 226,  63, 143,
     39, 105, 122,  18, 120, 200, 106, 253, 193, 206, 126,  99,  56,  22,  36, 112,
    158, 239, 172,  16,  31,  17,  74,  20, 187, 250, 155,   5, 109, 227,   2, 142,
    124, 133, 223, 238, 191, 184,  75,  28,  47,  48,  26, 110, 216, 136, 117, 130,
    181, 188, 194, 241, 189,  68, 168, 103,  30, 139, 196,  25,  29, 202, 199, 141,
      1,  40, 164, 213,  98, 170, 128, 198,   9,  67, 221, 251, 153, 115, 104, 247,
     12, 108, 242, 190, 129,  11,  88,  35,  21, 237, 116,  52,  57,  45, 101, 179,
    254,  60, 118, 246, 173, 176,  58, 135, 113, 144, 208,  92, 204,  62, 185,  50
]

# Comma-separated format:
114, 107, 195, 243, 214, 236, 42, 78, 183, 123, 8, 32, 162, 132, 248, 80, 166, 3, 4, 81, 131, 174, 244, 87, 83, 182, 163, 19, 154, 249, 134, 44, 61, 49, 145, 46, 192, 93, 149, 240, 85, 82, 180, 137, 217, 167, 252, 156, 140, 69, 147, 96, 76, 43, 161, 159, 151, 77, 90, 84, 207, 201, 15, 197, 228, 10, 0, 146, 41, 53, 65, 245, 34, 38, 119, 148, 24, 125, 218, 37, 178, 205, 255, 127, 186, 73, 66, 150, 234, 215, 219, 51, 95, 230, 233, 71, 23, 225, 91, 171, 231, 89, 7, 121, 33, 94, 70, 111, 210, 235, 175, 220, 102, 212, 86, 152, 160, 97, 13, 232, 138, 165, 224, 211, 169, 64, 54, 157, 72, 55, 14, 222, 100, 177, 27, 59, 209, 229, 203, 6, 79, 226, 63, 143, 39, 105, 122, 18, 120, 200, 106, 253, 193, 206, 126, 99, 56, 22, 36, 112, 158, 239, 172, 16, 31, 17, 74, 20, 187, 250, 155, 5, 109, 227, 2, 142, 124, 133, 223, 238, 191, 184, 75, 28, 47, 48, 26, 110, 216, 136, 117, 130, 181, 188, 194, 241, 189, 68, 168, 103, 30, 139, 196, 25, 29, 202, 199, 141, 1, 40, 164, 213, 98, 170, 128, 198, 9, 67, 221, 251, 153, 115, 104, 247, 12, 108, 242, 190, 129, 11, 88, 35, 21, 237, 116, 52, 57, 45, 101, 179, 254, 60, 118, 246, 173, 176, 58, 135, 113, 144, 208, 92, 204, 62, 185, 50
