# Final optimized S-box - THREAD-SAFE VERSION with Early Stopping
# Generated on: 2025-09-13T22:45:57.670
# Format: 16 values per line (256 total)

sbox = UInt8[
    209, 234, 253, 191, 231,  38,  45, 240, 161, 208, 116,  53,  93, 152,  21, 211,
    155, 250,  51,  35, 215, 185, 137,  36,  83, 187, 151, 210,  81, 184,  44, 114,
    110, 122,  87,  99, 115, 176,  23,  69, 216,   9,  15, 251, 195,  63, 246,  17,
     49,  91, 239, 177, 109,  52, 189, 143, 242,  66, 154, 241,  92, 132,  80, 146,
      3, 226,  70,  50,  40, 252,  67,  46, 249,   6, 217, 181, 157, 103,  11, 190,
     90, 186,   8,   1,  96,  71,  89,  28, 113,  27, 123, 248,  30,  94, 174, 233,
      4, 219, 220, 205,  47, 163,  62, 243, 255,   0,   7, 133,  13,  39, 124,  61,
     72,  12, 162, 100, 254, 196,  65, 104, 170, 145,  98,  60, 228,  25, 237, 175,
    169, 134, 201, 227, 142, 203,  58, 166,  10, 108, 188,  64, 214,  54, 212, 105,
     34, 182, 127, 247,  26, 135,  24, 150, 112, 106,  86, 222, 138, 118, 229,  20,
    128,  14,   5,  74,  55,  59,  19,  43, 121, 126, 207, 206,  16,  88,  77, 140,
     78, 236, 164, 193,  95, 144, 171, 192, 129, 159,  32, 165, 111,  97, 221, 125,
    172, 244,  31, 232, 178, 180, 107, 149,  85, 120,  18,  82,   2, 238,  41,  56,
    197,  84, 119, 131, 204, 147, 153,  42, 168,  29, 139, 224, 130, 158, 102, 136,
    160, 173, 156,  73, 213, 225,  75, 179, 218,  33,  57,  79, 245, 141, 117, 198,
     76, 148, 194, 167, 202, 183, 199,  68,  37, 200, 101,  48, 230, 223, 235,  22
]

# Comma-separated format:
209, 234, 253, 191, 231, 38, 45, 240, 161, 208, 116, 53, 93, 152, 21, 211, 155, 250, 51, 35, 215, 185, 137, 36, 83, 187, 151, 210, 81, 184, 44, 114, 110, 122, 87, 99, 115, 176, 23, 69, 216, 9, 15, 251, 195, 63, 246, 17, 49, 91, 239, 177, 109, 52, 189, 143, 242, 66, 154, 241, 92, 132, 80, 146, 3, 226, 70, 50, 40, 252, 67, 46, 249, 6, 217, 181, 157, 103, 11, 190, 90, 186, 8, 1, 96, 71, 89, 28, 113, 27, 123, 248, 30, 94, 174, 233, 4, 219, 220, 205, 47, 163, 62, 243, 255, 0, 7, 133, 13, 39, 124, 61, 72, 12, 162, 100, 254, 196, 65, 104, 170, 145, 98, 60, 228, 25, 237, 175, 169, 134, 201, 227, 142, 203, 58, 166, 10, 108, 188, 64, 214, 54, 212, 105, 34, 182, 127, 247, 26, 135, 24, 150, 112, 106, 86, 222, 138, 118, 229, 20, 128, 14, 5, 74, 55, 59, 19, 43, 121, 126, 207, 206, 16, 88, 77, 140, 78, 236, 164, 193, 95, 144, 171, 192, 129, 159, 32, 165, 111, 97, 221, 125, 172, 244, 31, 232, 178, 180, 107, 149, 85, 120, 18, 82, 2, 238, 41, 56, 197, 84, 119, 131, 204, 147, 153, 42, 168, 29, 139, 224, 130, 158, 102, 136, 160, 173, 156, 73, 213, 225, 75, 179, 218, 33, 57, 79, 245, 141, 117, 198, 76, 148, 194, 167, 202, 183, 199, 68, 37, 200, 101, 48, 230, 223, 235, 22
