# Final optimized S-box - THREAD-SAFE VERSION with Early Stopping
# Generated on: 2025-09-16T19:54:06.713
# Format: 16 values per line (256 total)

sbox = UInt8[
    142, 107, 195, 243, 214,  98, 196,  78, 166,  17,   8, 208, 207, 132, 248, 225,
    169,   3,   4,  45, 114, 174, 163,  87, 229, 217, 234,  27,  26, 249, 236,  44,
    162,  49, 145, 233, 192,  93, 116, 240, 241,  85, 180, 137, 220, 199, 100, 148,
    140, 219, 247,  96,  76,  43, 161,  55, 151, 102,  97,  84, 175, 201,  15, 164,
    131, 183,   0, 146,  41,  53,  65, 109,  35,  38, 119,  36, 205, 125, 153,  80,
    178,  24,  47,  64, 186,  73, 187, 150, 177, 212,  71, 227, 255, 231, 252, 122,
    159,  37,  91, 189,  22,  89,  40, 121,  33,  52, 143, 111, 210, 235, 191, 182,
    167, 108,  86,  11, 160, 105,  13, 232, 138, 230,  46,   2, 110,  51, 185, 157,
     23, 127, 149,  14, 222,  90,  42,  59,  72,   6, 203, 246,  79, 226,  63,  70,
    179, 176,  39,  92, 120, 200, 106, 253, 224, 206, 126,  99,  56,  21, 238, 112,
    158, 239, 172,  16,  31, 223,  74,  20,  66, 250, 155, 221, 245, 118, 211, 134,
    154, 113, 130, 156,  19, 184,  75,  28,  95, 144, 124,  10, 216, 136, 117,  58,
    147, 237, 228, 209,  18,  68, 168, 103,  30, 139,  82,  25,  29, 202, 193, 141,
      1,   7, 197, 213,  50, 170, 128, 198, 165,  67,   5, 251, 135, 115, 104, 218,
     12,  83,  94, 190, 129,  32,  88, 152,  77, 188,  61, 242,  57,  81, 101,   9,
    254,  60, 171, 215, 173, 244,  69,  48, 133, 181, 194, 123, 204,  62,  54,  34
]

# Comma-separated format:
142, 107, 195, 243, 214, 98, 196, 78, 166, 17, 8, 208, 207, 132, 248, 225, 169, 3, 4, 45, 114, 174, 163, 87, 229, 217, 234, 27, 26, 249, 236, 44, 162, 49, 145, 233, 192, 93, 116, 240, 241, 85, 180, 137, 220, 199, 100, 148, 140, 219, 247, 96, 76, 43, 161, 55, 151, 102, 97, 84, 175, 201, 15, 164, 131, 183, 0, 146, 41, 53, 65, 109, 35, 38, 119, 36, 205, 125, 153, 80, 178, 24, 47, 64, 186, 73, 187, 150, 177, 212, 71, 227, 255, 231, 252, 122, 159, 37, 91, 189, 22, 89, 40, 121, 33, 52, 143, 111, 210, 235, 191, 182, 167, 108, 86, 11, 160, 105, 13, 232, 138, 230, 46, 2, 110, 51, 185, 157, 23, 127, 149, 14, 222, 90, 42, 59, 72, 6, 203, 246, 79, 226, 63, 70, 179, 176, 39, 92, 120, 200, 106, 253, 224, 206, 126, 99, 56, 21, 238, 112, 158, 239, 172, 16, 31, 223, 74, 20, 66, 250, 155, 221, 245, 118, 211, 134, 154, 113, 130, 156, 19, 184, 75, 28, 95, 144, 124, 10, 216, 136, 117, 58, 147, 237, 228, 209, 18, 68, 168, 103, 30, 139, 82, 25, 29, 202, 193, 141, 1, 7, 197, 213, 50, 170, 128, 198, 165, 67, 5, 251, 135, 115, 104, 218, 12, 83, 94, 190, 129, 32, 88, 152, 77, 188, 61, 242, 57, 81, 101, 9, 254, 60, 171, 215, 173, 244, 69, 48, 133, 181, 194, 123, 204, 62, 54, 34
