# Final optimized S-box - THREAD-SAFE VERSION with Early Stopping
# Generated on: 2025-09-22T23:57:08.729
# Format: 16 values per line (256 total)

sbox = UInt8[
     96, 230,   3,  83,  24, 113,  22, 227, 149,   7, 125,  35, 148,  10,  43, 201,
     78,  91,  97,  60, 143,  20, 166, 206, 182, 157,  38,  12, 142,  51, 236, 129,
     17, 155, 241,  54, 167, 231, 192, 121,  69, 110,  58,  40, 156,  36, 224, 123,
    134, 205, 178,  56,  80,  53,  16, 106, 228, 217,  85, 255, 212, 216, 130,  31,
     95,   2, 244,  55, 174,   5, 254,  42,  98,  82,  50,  37, 184, 229, 147, 199,
    235,  48,  64,  63, 165,  67, 108,  57, 207, 243, 246, 104, 144,  44,  71, 200,
    238, 159, 250, 122, 183, 124,   6, 240, 114, 203,  13, 204, 161, 131,  99, 150,
    245,  11, 169,  88,  87,  66, 180, 146, 117, 222, 119, 168, 234,  27,  84, 214,
    252,  90, 202, 163, 100, 193,  15, 135,  79,  72, 187,  34, 176, 198,  45, 152,
    102, 101, 186,  92,  89, 109, 208, 136, 138,  94,  23,  77,   8, 232, 158,  14,
     59,  70,  41,  47,  68, 133, 105, 210, 226, 195, 171, 239, 115,  76, 173,  26,
     65, 223, 111,  73,  21, 160, 137,  29,  32, 175, 127, 194,  19, 151,  30, 242,
    181, 213,  18, 107, 116,  52, 190, 141, 177,  61, 128, 153, 172,  46, 112, 188,
    170,   0, 237, 185, 154, 247,  81, 145, 132, 248, 218,  33, 211, 118,  62, 219,
    220, 249, 225,   4,  93,  28, 221, 251, 215, 233, 189, 191, 164,   9,  49, 139,
     39,  86, 126, 140,  25, 197, 179,   1, 209, 162,  74, 196, 120, 253, 103,  75
]

# Comma-separated format:
96, 230, 3, 83, 24, 113, 22, 227, 149, 7, 125, 35, 148, 10, 43, 201, 78, 91, 97, 60, 143, 20, 166, 206, 182, 157, 38, 12, 142, 51, 236, 129, 17, 155, 241, 54, 167, 231, 192, 121, 69, 110, 58, 40, 156, 36, 224, 123, 134, 205, 178, 56, 80, 53, 16, 106, 228, 217, 85, 255, 212, 216, 130, 31, 95, 2, 244, 55, 174, 5, 254, 42, 98, 82, 50, 37, 184, 229, 147, 199, 235, 48, 64, 63, 165, 67, 108, 57, 207, 243, 246, 104, 144, 44, 71, 200, 238, 159, 250, 122, 183, 124, 6, 240, 114, 203, 13, 204, 161, 131, 99, 150, 245, 11, 169, 88, 87, 66, 180, 146, 117, 222, 119, 168, 234, 27, 84, 214, 252, 90, 202, 163, 100, 193, 15, 135, 79, 72, 187, 34, 176, 198, 45, 152, 102, 101, 186, 92, 89, 109, 208, 136, 138, 94, 23, 77, 8, 232, 158, 14, 59, 70, 41, 47, 68, 133, 105, 210, 226, 195, 171, 239, 115, 76, 173, 26, 65, 223, 111, 73, 21, 160, 137, 29, 32, 175, 127, 194, 19, 151, 30, 242, 181, 213, 18, 107, 116, 52, 190, 141, 177, 61, 128, 153, 172, 46, 112, 188, 170, 0, 237, 185, 154, 247, 81, 145, 132, 248, 218, 33, 211, 118, 62, 219, 220, 249, 225, 4, 93, 28, 221, 251, 215, 233, 189, 191, 164, 9, 49, 139, 39, 86, 126, 140, 25, 197, 179, 1, 209, 162, 74, 196, 120, 253, 103, 75
