# Final optimized S-box - THREAD-SAFE VERSION with Early Stopping
# Generated on: 2025-09-23T01:11:11.128
# Format: 16 values per line (256 total)

sbox = UInt8[
     66, 115,   3, 241,  24, 145, 231, 227,   5,   7, 125,  35, 148,   2, 150, 201,
    174,  91,  97,  60, 143,  20, 242,  18,   6,  25,  38,  12, 142,  51, 236,  92,
    226,  41, 120, 230, 247,  22,  96, 246,  29, 110,  42,  40, 156,  36, 221, 123,
    128, 205,  63,  56,  80,  53,  16, 106, 228, 217,  67, 255, 212, 216, 130,  31,
     95,  14, 119, 157,  54, 149, 254, 122,  98,  82, 118,  37, 184, 229, 108, 199,
    235,  48,  64,  78, 167,  85,   9,  57, 207, 113,  76,  13, 144,  44,  71, 166,
    208, 159, 250, 186, 175, 173, 214, 240,  90, 203, 104, 204,  68, 131,  99,  93,
    245,  11, 162,  88,  87, 189, 180, 146, 117, 121, 244, 168, 234,  27,  84, 222,
    215, 158, 202, 101, 100, 193,  15, 135,  79,  72, 187,  34, 176, 129, 248, 152,
    102,  17, 251,  28, 153, 109, 183, 136, 138,  94,  23,  77,   8,  50, 114,  10,
     59,  70, 134,  47, 161,  45, 192, 210,  74, 195, 171, 132, 182, 126, 124,  26,
     65, 223, 111,  89,  21, 160, 137, 151,  32, 239, 249, 194, 169,  69,  30, 200,
    181, 213, 147, 107, 116,  52, 190, 141, 177,  61,  43,  73, 172,  46, 112, 188,
    170,   0, 237, 185, 154, 127,  81,  49, 165, 238, 218, 224, 211, 232,  62, 219,
    220, 133, 225,   4, 163, 198,  39,  58, 252, 233, 105, 191, 164, 206,  19, 139,
     75,  86, 155, 140,  55, 197, 243,   1, 209, 179, 178, 196,  83, 253, 103,  33
]

# Comma-separated format:
66, 115, 3, 241, 24, 145, 231, 227, 5, 7, 125, 35, 148, 2, 150, 201, 174, 91, 97, 60, 143, 20, 242, 18, 6, 25, 38, 12, 142, 51, 236, 92, 226, 41, 120, 230, 247, 22, 96, 246, 29, 110, 42, 40, 156, 36, 221, 123, 128, 205, 63, 56, 80, 53, 16, 106, 228, 217, 67, 255, 212, 216, 130, 31, 95, 14, 119, 157, 54, 149, 254, 122, 98, 82, 118, 37, 184, 229, 108, 199, 235, 48, 64, 78, 167, 85, 9, 57, 207, 113, 76, 13, 144, 44, 71, 166, 208, 159, 250, 186, 175, 173, 214, 240, 90, 203, 104, 204, 68, 131, 99, 93, 245, 11, 162, 88, 87, 189, 180, 146, 117, 121, 244, 168, 234, 27, 84, 222, 215, 158, 202, 101, 100, 193, 15, 135, 79, 72, 187, 34, 176, 129, 248, 152, 102, 17, 251, 28, 153, 109, 183, 136, 138, 94, 23, 77, 8, 50, 114, 10, 59, 70, 134, 47, 161, 45, 192, 210, 74, 195, 171, 132, 182, 126, 124, 26, 65, 223, 111, 89, 21, 160, 137, 151, 32, 239, 249, 194, 169, 69, 30, 200, 181, 213, 147, 107, 116, 52, 190, 141, 177, 61, 43, 73, 172, 46, 112, 188, 170, 0, 237, 185, 154, 127, 81, 49, 165, 238, 218, 224, 211, 232, 62, 219, 220, 133, 225, 4, 163, 198, 39, 58, 252, 233, 105, 191, 164, 206, 19, 139, 75, 86, 155, 140, 55, 197, 243, 1, 209, 179, 178, 196, 83, 253, 103, 33
