# Final optimized S-box - THREAD-SAFE VERSION with Early Stopping
# Generated on: 2025-09-18T03:41:13.210
# Format: 16 values per line (256 total)

sbox = UInt8[
     66, 230,   3, 241,  24, 113,  22, 227,  12,   7, 125,  38, 148, 167,  43, 201,
    174, 126,  97,  60, 143, 244, 242,  18, 252,  25,  35,   5, 104,  51, 236,  92,
     17,  41, 120, 182,  10, 231,  96, 121,  29, 110, 186,  40, 156, 214, 221,   1,
    134, 205,  63,  26,  80,  53,  16, 131, 210, 217, 184, 255, 212, 216, 130,  31,
     95,   2, 233, 157,  54, 105, 254, 122,  98,  84, 158,  37, 220,  45, 108, 136,
    162,  48,  64,  74, 199,  85,   9,  57, 207, 243, 246,  13, 146,  44,  71, 166,
    249,  94, 250,  86, 228, 173,  91, 240, 114, 203, 142, 204, 161, 197,  99,  78,
    245,  11, 169,  88,  87, 192, 180,  36, 117, 222, 119, 168, 234,  27,  83, 144,
      6,  90, 202, 101, 100, 193,  15, 135,  79,  72, 187,  34, 176, 129, 229, 251,
    102,  93,   8,  28,  89, 109, 239, 172, 138, 191,  23,  77, 152,  50, 159,  14,
     58,  70, 150,  47,  68, 133, 149, 118, 226, 195, 171, 132, 115,  76, 124, 153,
     65, 223, 111,  73,  21, 160, 137, 151,  32, 175, 127, 194,  19,  69,  30, 200,
    177, 213, 147, 107, 116,  52, 190, 141, 185,  61, 128,  67, 224,  46, 112, 188,
    170,   0, 237, 181, 154, 208,  81, 145, 247, 238, 218, 165, 211, 232,  62, 219,
    189, 248, 225,   4, 163, 198,  33, 123, 215,  20,  56, 183, 164, 206, 235, 139,
     39,  42, 155, 140,  55, 106,  49,  59, 209, 179, 178, 196,  82, 253, 103,  75
]

# Comma-separated format:
66, 230, 3, 241, 24, 113, 22, 227, 12, 7, 125, 38, 148, 167, 43, 201, 174, 126, 97, 60, 143, 244, 242, 18, 252, 25, 35, 5, 104, 51, 236, 92, 17, 41, 120, 182, 10, 231, 96, 121, 29, 110, 186, 40, 156, 214, 221, 1, 134, 205, 63, 26, 80, 53, 16, 131, 210, 217, 184, 255, 212, 216, 130, 31, 95, 2, 233, 157, 54, 105, 254, 122, 98, 84, 158, 37, 220, 45, 108, 136, 162, 48, 64, 74, 199, 85, 9, 57, 207, 243, 246, 13, 146, 44, 71, 166, 249, 94, 250, 86, 228, 173, 91, 240, 114, 203, 142, 204, 161, 197, 99, 78, 245, 11, 169, 88, 87, 192, 180, 36, 117, 222, 119, 168, 234, 27, 83, 144, 6, 90, 202, 101, 100, 193, 15, 135, 79, 72, 187, 34, 176, 129, 229, 251, 102, 93, 8, 28, 89, 109, 239, 172, 138, 191, 23, 77, 152, 50, 159, 14, 58, 70, 150, 47, 68, 133, 149, 118, 226, 195, 171, 132, 115, 76, 124, 153, 65, 223, 111, 73, 21, 160, 137, 151, 32, 175, 127, 194, 19, 69, 30, 200, 177, 213, 147, 107, 116, 52, 190, 141, 185, 61, 128, 67, 224, 46, 112, 188, 170, 0, 237, 181, 154, 208, 81, 145, 247, 238, 218, 165, 211, 232, 62, 219, 189, 248, 225, 4, 163, 198, 33, 123, 215, 20, 56, 183, 164, 206, 235, 139, 39, 42, 155, 140, 55, 106, 49, 59, 209, 179, 178, 196, 82, 253, 103, 75
