# Final optimized S-box - THREAD-SAFE VERSION with Early Stopping
# Generated on: 2025-09-18T01:37:07.204
# Format: 16 values per line (256 total)

sbox = UInt8[
    171, 118,   3, 155,  18, 113,  22, 237,   5,   7, 125,  35, 148,  10,  43, 201,
    144,  91,  97,  60, 143,  20, 110,  90,   6,  25,  38,  12, 142,  51, 236,  92,
     58,  41, 120, 230, 167, 231,  96, 121,  29, 242, 240, 163, 156, 128, 221, 123,
    134, 205,  63,  56,  80,  53,  16, 106, 228, 217,  67, 255, 212, 115, 130,  31,
     95,   2,  28, 157,  54, 149, 254, 165,  98,  82,  36,  37, 184, 229, 108, 199,
    214,  48,  64,  74, 246, 122,   9,  57, 207,  47,  85,  68, 126,  44,  71, 166,
    249, 159, 241, 186, 183, 173, 182,  42, 114, 203, 104, 204, 161, 131,  99,   0,
    245,  11, 169,  88,  87, 192, 180, 146, 117, 222, 119, 168, 234,  27,  84, 235,
    252, 162, 202, 101, 100, 152,  15,  26,  79, 174, 187,  34, 176, 197,  45,  83,
    102,  17,  76, 244,  24, 109, 227,  13, 138,  94,  23, 220,   8,  50, 158,  14,
     59,  70, 150, 250, 135, 133, 105, 210, 226, 153, 251, 132, 194,  72, 124, 215,
     65, 223, 111,  73,  21, 160, 137, 151,  32, 175, 127, 198,  19,  69,  30, 200,
    181, 213, 147, 107, 116,  52, 190, 141, 177,  61, 248, 193, 172,  46, 112, 188,
    170,  78, 239, 185, 154, 208,  81, 145, 247, 238, 218, 224, 129, 232,  62, 219,
     77, 136, 225,   4,  40, 216,  33,  93,  66, 233, 189, 191, 164, 206,  89, 139,
     39,  86, 243, 140,  55, 211,  49,   1, 209, 179, 178, 196, 195, 253, 103,  75
]

# Comma-separated format:
171, 118, 3, 155, 18, 113, 22, 237, 5, 7, 125, 35, 148, 10, 43, 201, 144, 91, 97, 60, 143, 20, 110, 90, 6, 25, 38, 12, 142, 51, 236, 92, 58, 41, 120, 230, 167, 231, 96, 121, 29, 242, 240, 163, 156, 128, 221, 123, 134, 205, 63, 56, 80, 53, 16, 106, 228, 217, 67, 255, 212, 115, 130, 31, 95, 2, 28, 157, 54, 149, 254, 165, 98, 82, 36, 37, 184, 229, 108, 199, 214, 48, 64, 74, 246, 122, 9, 57, 207, 47, 85, 68, 126, 44, 71, 166, 249, 159, 241, 186, 183, 173, 182, 42, 114, 203, 104, 204, 161, 131, 99, 0, 245, 11, 169, 88, 87, 192, 180, 146, 117, 222, 119, 168, 234, 27, 84, 235, 252, 162, 202, 101, 100, 152, 15, 26, 79, 174, 187, 34, 176, 197, 45, 83, 102, 17, 76, 244, 24, 109, 227, 13, 138, 94, 23, 220, 8, 50, 158, 14, 59, 70, 150, 250, 135, 133, 105, 210, 226, 153, 251, 132, 194, 72, 124, 215, 65, 223, 111, 73, 21, 160, 137, 151, 32, 175, 127, 198, 19, 69, 30, 200, 181, 213, 147, 107, 116, 52, 190, 141, 177, 61, 248, 193, 172, 46, 112, 188, 170, 78, 239, 185, 154, 208, 81, 145, 247, 238, 218, 224, 129, 232, 62, 219, 77, 136, 225, 4, 40, 216, 33, 93, 66, 233, 189, 191, 164, 206, 89, 139, 39, 86, 243, 140, 55, 211, 49, 1, 209, 179, 178, 196, 195, 253, 103, 75
