# Final optimized S-box - THREAD-SAFE VERSION with Early Stopping
# Generated on: 2025-09-09T11:37:07.402
# Format: 16 values per line (256 total)

sbox = UInt8[
     55, 218,   2, 204,   3, 229,  98, 197, 169,  41, 137, 235, 181,  56,  16,  61,
    224, 179, 142,  19, 162, 151,  57, 123,  25,  24, 203, 154,  48,  79, 230,   9,
    130,  38, 155, 133, 153,  33,  59, 118, 214, 109, 117,  46,  53,  23,  80, 239,
    146, 211, 165,  39,  45, 241, 200, 178, 143, 104,  94, 190, 111, 202, 124, 150,
    122,  64,  73, 171,  10,  50,  87, 199, 184, 225,  13, 196, 189, 186, 141,  78,
     75, 156, 228,  90, 174,  28,  29,  70,  65, 127, 161, 246, 209,  92, 216,  88,
     96,  83,  97, 152,  54, 160, 144, 185, 100,  89, 102, 250,  47, 166, 112,  99,
    167, 172,  32, 170,  30, 145, 201, 140, 213, 191, 215,  17,  14, 192, 212,  52,
    255, 125, 180, 164, 119,  68, 105,  85, 205,  11, 219,  26, 242, 108, 103, 134,
     12,   5,  18,  36, 193, 110, 114, 231, 252,  91, 116, 115, 208, 217,  81, 113,
    248, 121,  43,  95,  84, 251,   6, 194,  34, 131, 222, 136, 175, 138, 187, 247,
    101, 188,  62,  15, 157, 223, 232, 183,  66, 106, 195, 177,  60, 227, 129, 135,
    139, 249, 159, 207, 236,  49,  93,  86, 245,  74, 126, 107,  71, 149,  31, 182,
    147, 234,  76,  42, 233,   0, 158, 240, 128, 221,  58, 176, 210,  22,  27,   4,
    173,  69,  20, 132,   8,  67, 163, 220,  82,   1, 198,  63, 168, 244, 237, 254,
     40,  44, 226, 243,  72,  21,  35, 206, 120,   7, 238,  51,  37, 253,  77, 148
]

# Comma-separated format:
55, 218, 2, 204, 3, 229, 98, 197, 169, 41, 137, 235, 181, 56, 16, 61, 224, 179, 142, 19, 162, 151, 57, 123, 25, 24, 203, 154, 48, 79, 230, 9, 130, 38, 155, 133, 153, 33, 59, 118, 214, 109, 117, 46, 53, 23, 80, 239, 146, 211, 165, 39, 45, 241, 200, 178, 143, 104, 94, 190, 111, 202, 124, 150, 122, 64, 73, 171, 10, 50, 87, 199, 184, 225, 13, 196, 189, 186, 141, 78, 75, 156, 228, 90, 174, 28, 29, 70, 65, 127, 161, 246, 209, 92, 216, 88, 96, 83, 97, 152, 54, 160, 144, 185, 100, 89, 102, 250, 47, 166, 112, 99, 167, 172, 32, 170, 30, 145, 201, 140, 213, 191, 215, 17, 14, 192, 212, 52, 255, 125, 180, 164, 119, 68, 105, 85, 205, 11, 219, 26, 242, 108, 103, 134, 12, 5, 18, 36, 193, 110, 114, 231, 252, 91, 116, 115, 208, 217, 81, 113, 248, 121, 43, 95, 84, 251, 6, 194, 34, 131, 222, 136, 175, 138, 187, 247, 101, 188, 62, 15, 157, 223, 232, 183, 66, 106, 195, 177, 60, 227, 129, 135, 139, 249, 159, 207, 236, 49, 93, 86, 245, 74, 126, 107, 71, 149, 31, 182, 147, 234, 76, 42, 233, 0, 158, 240, 128, 221, 58, 176, 210, 22, 27, 4, 173, 69, 20, 132, 8, 67, 163, 220, 82, 1, 198, 63, 168, 244, 237, 254, 40, 44, 226, 243, 72, 21, 35, 206, 120, 7, 238, 51, 37, 253, 77, 148
