# Final optimized S-box - THREAD-SAFE VERSION with Early Stopping
# Generated on: 2025-09-19T20:25:39.642
# Format: 16 values per line (256 total)

sbox = UInt8[
    226,  21,   2, 204,   3, 229,  98, 197, 169, 105, 137, 128, 181,  56,  16,  61,
    224, 179, 142,  19,  43,  74,  57, 184,  34,  24,   0,  95,  48,  67, 230,   9,
    130,  29, 135, 103, 214,  37, 138, 118, 149, 109, 117,  46,  53,  23, 113, 239,
    178, 211, 165,  39, 129, 241, 200, 237, 143, 104,  94, 190, 111, 202, 124, 151,
    254,  64,  45, 171,  10,  50,  81, 199, 219, 106, 253, 196, 189,   6, 206,  79,
     75, 156, 228, 249, 173,  28,  55, 203,  65, 127, 161, 153, 209,  92, 216,  88,
     96,  83,  97, 152,  54, 176, 144, 185, 100,  89, 102,  26,  47, 166, 112,  99,
    167, 172,  32, 155,  41, 145, 201, 140, 213, 191, 215,  17,  14, 192, 212,  52,
    255, 125, 180, 164, 119,  68, 246, 235, 205,  11, 218,  90, 242, 108, 227, 134,
     12,  69, 146,  36, 223, 182, 136, 232, 252,  91, 116,  80, 208,  38, 177, 139,
    248, 121, 174, 163,  84, 250,  30, 194,  25, 193, 222, 114, 141,  59, 187, 247,
     33,  85,  62,  15, 157, 131, 238, 183,  66, 122, 195,  87,  60, 133,  63, 170,
    115, 251, 159, 207, 236,  49,  93,  86, 245, 110, 126, 107,  71, 150,  31, 186,
    147, 234,  76,  73, 225,  70, 158, 240,  13, 221,  58, 168, 210,  22,  27,   4,
     18, 123,  20, 132,   8,  78, 188, 220,  82,   1, 198,  42, 160, 244, 162, 233,
     40,  44, 217, 243,  72,   5,  35, 175, 120,   7, 231,  51, 101, 154,  77, 148
]

# Comma-separated format:
226, 21, 2, 204, 3, 229, 98, 197, 169, 105, 137, 128, 181, 56, 16, 61, 224, 179, 142, 19, 43, 74, 57, 184, 34, 24, 0, 95, 48, 67, 230, 9, 130, 29, 135, 103, 214, 37, 138, 118, 149, 109, 117, 46, 53, 23, 113, 239, 178, 211, 165, 39, 129, 241, 200, 237, 143, 104, 94, 190, 111, 202, 124, 151, 254, 64, 45, 171, 10, 50, 81, 199, 219, 106, 253, 196, 189, 6, 206, 79, 75, 156, 228, 249, 173, 28, 55, 203, 65, 127, 161, 153, 209, 92, 216, 88, 96, 83, 97, 152, 54, 176, 144, 185, 100, 89, 102, 26, 47, 166, 112, 99, 167, 172, 32, 155, 41, 145, 201, 140, 213, 191, 215, 17, 14, 192, 212, 52, 255, 125, 180, 164, 119, 68, 246, 235, 205, 11, 218, 90, 242, 108, 227, 134, 12, 69, 146, 36, 223, 182, 136, 232, 252, 91, 116, 80, 208, 38, 177, 139, 248, 121, 174, 163, 84, 250, 30, 194, 25, 193, 222, 114, 141, 59, 187, 247, 33, 85, 62, 15, 157, 131, 238, 183, 66, 122, 195, 87, 60, 133, 63, 170, 115, 251, 159, 207, 236, 49, 93, 86, 245, 110, 126, 107, 71, 150, 31, 186, 147, 234, 76, 73, 225, 70, 158, 240, 13, 221, 58, 168, 210, 22, 27, 4, 18, 123, 20, 132, 8, 78, 188, 220, 82, 1, 198, 42, 160, 244, 162, 233, 40, 44, 217, 243, 72, 5, 35, 175, 120, 7, 231, 51, 101, 154, 77, 148
