# Final optimized S-box - THREAD-SAFE VERSION with Early Stopping
# Generated on: 2025-09-23T23:22:43.994
# Format: 16 values per line (256 total)

sbox = UInt8[
    142, 107, 195, 243,  46,  98, 214,  78, 183,  37,   8, 208, 222, 132, 248, 225,
     15,   3, 251,  45,  72, 174, 176,  87, 100,  35, 163,  19,  26,  83,  49,  44,
    149,  11, 145,  71, 240,  93, 116,  74, 229,  82, 180, 137, 223, 162,  65, 156,
    140,  69, 247,  96,  76,  68, 161,  21, 151, 117,  90,  84, 191, 201, 147, 164,
    131,  10,   0, 146, 207,  53, 215, 152,  34,  67, 119, 188,  24, 125, 118,  80,
    178, 205, 123,  64, 177,  73, 187, 108, 220, 212, 219, 231,  95, 199, 252, 122,
     59,  18,  91,  28, 227,  89, 109, 121,  33,  94,  54, 111, 210, 235,  55, 182,
    102,  20,  42,   7, 160, 249,  13, 232, 138, 230, 224, 211, 110, 126, 185, 130,
    196, 127,  14, 171, 175, 234,  86,  23, 209, 242, 203,   6,  79, 226,  63,  70,
    179, 244,  39, 197, 120, 200, 255, 253, 193, 206,  51,  99,  56,  22, 105, 112,
    158, 239, 172,  16,  31, 186, 153, 150,  66, 250, 155, 221, 245, 246,  57, 134,
    124, 113, 216, 238,  41, 184,  75, 144,  47,  48,  92, 114, 169, 136, 213,   2,
    166, 189, 228, 241, 233,  43, 168, 103,  30, 139, 157,  25,  29, 202, 165, 141,
      1,  40,  38, 173, 217, 170, 128, 198,  27, 154,   5,   4,  17, 115, 104, 218,
    143,  85, 135, 190, 129,  32,  88, 192, 167, 237,  61,  52, 236,  81, 101,   9,
    254,  60,  58,  36,  77,  97, 159, 181, 133, 148, 194, 106, 204,  62,  12,  50
]

# Comma-separated format:
142, 107, 195, 243, 46, 98, 214, 78, 183, 37, 8, 208, 222, 132, 248, 225, 15, 3, 251, 45, 72, 174, 176, 87, 100, 35, 163, 19, 26, 83, 49, 44, 149, 11, 145, 71, 240, 93, 116, 74, 229, 82, 180, 137, 223, 162, 65, 156, 140, 69, 247, 96, 76, 68, 161, 21, 151, 117, 90, 84, 191, 201, 147, 164, 131, 10, 0, 146, 207, 53, 215, 152, 34, 67, 119, 188, 24, 125, 118, 80, 178, 205, 123, 64, 177, 73, 187, 108, 220, 212, 219, 231, 95, 199, 252, 122, 59, 18, 91, 28, 227, 89, 109, 121, 33, 94, 54, 111, 210, 235, 55, 182, 102, 20, 42, 7, 160, 249, 13, 232, 138, 230, 224, 211, 110, 126, 185, 130, 196, 127, 14, 171, 175, 234, 86, 23, 209, 242, 203, 6, 79, 226, 63, 70, 179, 244, 39, 197, 120, 200, 255, 253, 193, 206, 51, 99, 56, 22, 105, 112, 158, 239, 172, 16, 31, 186, 153, 150, 66, 250, 155, 221, 245, 246, 57, 134, 124, 113, 216, 238, 41, 184, 75, 144, 47, 48, 92, 114, 169, 136, 213, 2, 166, 189, 228, 241, 233, 43, 168, 103, 30, 139, 157, 25, 29, 202, 165, 141, 1, 40, 38, 173, 217, 170, 128, 198, 27, 154, 5, 4, 17, 115, 104, 218, 143, 85, 135, 190, 129, 32, 88, 192, 167, 237, 61, 52, 236, 81, 101, 9, 254, 60, 58, 36, 77, 97, 159, 181, 133, 148, 194, 106, 204, 62, 12, 50
