# Final optimized S-box - THREAD-SAFE VERSION with Early Stopping
# Generated on: 2025-09-22T00:04:00.693
# Format: 16 values per line (256 total)

sbox = UInt8[
    142,  74, 195, 243, 214,  98, 251,  78, 183,  18,   8, 208, 222, 132, 248, 225,
    235,   3,   4,  45, 159, 174, 244,  87, 181, 145, 254,  19, 154, 219,  11, 172,
    149,  51,  60, 246, 247,  93, 236, 240,  85, 143,  52, 150, 220, 223, 100, 156,
    140,  13, 163,  96,  76,  15, 161,  21, 217,  77,  90,  84, 207, 201,  50, 180,
    131, 191,   0, 218,  41,  53,  65, 109,  34,  38, 119, 148,  24,  83, 135,  80,
    178, 205, 255, 121, 186,  73, 187, 125, 177, 212, 151,  95,  22, 199,  43, 122,
     23,  37,  91,  35,  55,  89,   7,  58, 200,  94, 175, 111, 210, 105, 114, 182,
    102, 108,  86, 152, 160, 166, 189, 232, 137, 230, 224, 211, 110,   2,  14, 157,
    196, 127, 117, 162, 171,  72,  42,  59, 209,  54, 203,   6,  79, 226,  63, 169,
    179, 176,  39, 134, 120,  49, 106, 253, 213, 206, 126,  99,  56, 153,  36, 112,
    158, 239,  32,  16,  31,  71,   9,  20,  66, 250, 155, 221, 245, 118,  33, 202,
    124, 113, 130, 238,  10, 184,  75,  28,  47,  48,  26, 170, 216, 136, 185,  17,
    147, 188, 228, 241, 233,  68, 168, 103,  30, 139, 234,  25,  29,  92, 165, 141,
      1,  40, 197, 193,  69, 192, 128, 198,  46,  67,   5,  27, 252, 115, 104, 231,
     12, 116, 242, 190, 129,  44,  88, 229,  82, 237,  61, 164,  57,  81, 101, 107,
     70, 249, 227, 215, 173,  97,  64, 138, 133, 144, 194, 123, 204,  62, 167, 146
]

# Comma-separated format:
142, 74, 195, 243, 214, 98, 251, 78, 183, 18, 8, 208, 222, 132, 248, 225, 235, 3, 4, 45, 159, 174, 244, 87, 181, 145, 254, 19, 154, 219, 11, 172, 149, 51, 60, 246, 247, 93, 236, 240, 85, 143, 52, 150, 220, 223, 100, 156, 140, 13, 163, 96, 76, 15, 161, 21, 217, 77, 90, 84, 207, 201, 50, 180, 131, 191, 0, 218, 41, 53, 65, 109, 34, 38, 119, 148, 24, 83, 135, 80, 178, 205, 255, 121, 186, 73, 187, 125, 177, 212, 151, 95, 22, 199, 43, 122, 23, 37, 91, 35, 55, 89, 7, 58, 200, 94, 175, 111, 210, 105, 114, 182, 102, 108, 86, 152, 160, 166, 189, 232, 137, 230, 224, 211, 110, 2, 14, 157, 196, 127, 117, 162, 171, 72, 42, 59, 209, 54, 203, 6, 79, 226, 63, 169, 179, 176, 39, 134, 120, 49, 106, 253, 213, 206, 126, 99, 56, 153, 36, 112, 158, 239, 32, 16, 31, 71, 9, 20, 66, 250, 155, 221, 245, 118, 33, 202, 124, 113, 130, 238, 10, 184, 75, 28, 47, 48, 26, 170, 216, 136, 185, 17, 147, 188, 228, 241, 233, 68, 168, 103, 30, 139, 234, 25, 29, 92, 165, 141, 1, 40, 197, 193, 69, 192, 128, 198, 46, 67, 5, 27, 252, 115, 104, 231, 12, 116, 242, 190, 129, 44, 88, 229, 82, 237, 61, 164, 57, 81, 101, 107, 70, 249, 227, 215, 173, 97, 64, 138, 133, 144, 194, 123, 204, 62, 167, 146
