# Final optimized S-box - THREAD-SAFE VERSION with Early Stopping
# Generated on: 2025-09-22T22:00:08.946
# Format: 16 values per line (256 total)

sbox = UInt8[
     66, 230,   3, 241,  24, 113,  22,  11,   5,   7, 125,  35, 148,  10,  43, 129,
    174,  91,  97, 165, 143,  20, 242,  18, 193, 201,  38,  12, 142, 227, 188,  92,
     21,  19, 120, 126, 162, 231,  96, 121, 192, 110, 139,  40, 156,  36, 221, 123,
    134, 205,  63, 116,  80,  53,   2, 106,  84, 217,  67, 255, 212, 216, 130,  31,
     95,  23, 244, 157, 246, 149, 254, 122,  98,  68,  56, 168, 184, 229, 108, 199,
      6,  41,  77,  74,  60,  85,   9, 103, 207, 243, 118,  13, 144, 124,  71, 166,
    249,  42, 250, 186, 183, 173, 182, 240, 159, 203, 104, 204, 161, 131,  30,  78,
    245,  51, 169,  88,  87,  29, 180, 146, 117, 222, 119,  37, 253, 114,  28, 214,
    252,  90, 202, 101, 100, 235,  15, 135,  79,  72, 187,  34, 176,  25,  45, 152,
    102,  93, 251, 228,  89, 109, 239, 136, 138,  94,  16,  27,   8,  44, 158,  14,
     59, 132, 150,  47, 218,  69, 105, 210, 226, 195, 171, 211, 115,  76, 215,  26,
    133, 223, 111,  73, 151, 160, 236,  17,  32, 175, 127, 194,  57,  65,  99, 200,
    181, 213, 147, 107,  54,  52, 190, 141, 177,  61, 128, 153, 172,  46, 112, 137,
    167,   0, 237, 185, 154, 208,  81, 145, 247, 238,  82, 224,  70, 232,  62, 219,
    220, 248, 225,   4, 163, 198,  33,  58,  50, 189, 197, 191, 164, 206, 170,  64,
     39,  86, 155, 140,  55, 234,  49,   1, 209, 179, 178, 196,  83, 233,  48,  75
]

# Comma-separated format:
66, 230, 3, 241, 24, 113, 22, 11, 5, 7, 125, 35, 148, 10, 43, 129, 174, 91, 97, 165, 143, 20, 242, 18, 193, 201, 38, 12, 142, 227, 188, 92, 21, 19, 120, 126, 162, 231, 96, 121, 192, 110, 139, 40, 156, 36, 221, 123, 134, 205, 63, 116, 80, 53, 2, 106, 84, 217, 67, 255, 212, 216, 130, 31, 95, 23, 244, 157, 246, 149, 254, 122, 98, 68, 56, 168, 184, 229, 108, 199, 6, 41, 77, 74, 60, 85, 9, 103, 207, 243, 118, 13, 144, 124, 71, 166, 249, 42, 250, 186, 183, 173, 182, 240, 159, 203, 104, 204, 161, 131, 30, 78, 245, 51, 169, 88, 87, 29, 180, 146, 117, 222, 119, 37, 253, 114, 28, 214, 252, 90, 202, 101, 100, 235, 15, 135, 79, 72, 187, 34, 176, 25, 45, 152, 102, 93, 251, 228, 89, 109, 239, 136, 138, 94, 16, 27, 8, 44, 158, 14, 59, 132, 150, 47, 218, 69, 105, 210, 226, 195, 171, 211, 115, 76, 215, 26, 133, 223, 111, 73, 151, 160, 236, 17, 32, 175, 127, 194, 57, 65, 99, 200, 181, 213, 147, 107, 54, 52, 190, 141, 177, 61, 128, 153, 172, 46, 112, 137, 167, 0, 237, 185, 154, 208, 81, 145, 247, 238, 82, 224, 70, 232, 62, 219, 220, 248, 225, 4, 163, 198, 33, 58, 50, 189, 197, 191, 164, 206, 170, 64, 39, 86, 155, 140, 55, 234, 49, 1, 209, 179, 178, 196, 83, 233, 48, 75
