# Final optimized S-box - THREAD-SAFE VERSION with Early Stopping
# Generated on: 2025-09-11T08:12:28.279
# Format: 16 values per line (256 total)

sbox = UInt8[
    142, 107, 195, 243, 214,  98,  27,  78,  94,  63,  89, 208, 222, 132, 248,  83,
    166,   3,   4,  45, 216, 174, 244,  87, 192, 217, 242,  19, 154, 249,  11,  44,
    149,  49, 145,  29, 247, 202, 161, 240,  85,  82, 180,  56, 186,  92, 100,  74,
    140, 123, 115,  96,  76,  43, 167,  21, 102,  77,  90,  81, 191, 201,  15, 164,
     99, 175,   0, 146, 207,  53, 184,  97,  34,  67, 119,  17,  69, 127,  18,  80,
    171, 170, 176,  64, 177,  73,  41, 221,  72, 212, 219, 231,  95, 199, 252, 122,
     23, 135,  91, 189,  55,   5,   7, 121,  33, 183, 159, 245, 210, 235, 213,  54,
    255,  65,  86, 152, 160, 105,  13, 232, 138, 230, 224, 211, 110,  51, 185, 157,
    196,  57,  14, 162,  10, 163,  42,  59, 209, 246, 203,   6,  79, 226, 125,  70,
     71, 151,  39,  37, 120, 200, 106, 253, 193, 206, 126, 131, 137,  22,  36, 112,
    158, 239, 172,  16,  31,   2,  52,  20,  66, 250, 155, 198, 143, 118, 108, 134,
    124,  84, 130, 238, 187, 223,  75,  28,  47,  48,  26, 114, 169, 136, 117, 148,
    147, 188, 228, 241, 233, 141, 168, 103,  30, 178, 220,  25, 179,  93, 165,  68,
      1,  40, 197,  24,  35, 205, 128, 150,  46, 182,   8, 251, 153, 225, 104, 218,
     12, 229, 234, 111, 129,  32,  88, 236, 116, 237,  61, 156,  62, 113, 101,   9,
    254,  60, 227, 215, 173, 109,  58, 181, 133, 144, 194, 190, 204, 139,  38,  50
]

# Comma-separated format:
142, 107, 195, 243, 214, 98, 27, 78, 94, 63, 89, 208, 222, 132, 248, 83, 166, 3, 4, 45, 216, 174, 244, 87, 192, 217, 242, 19, 154, 249, 11, 44, 149, 49, 145, 29, 247, 202, 161, 240, 85, 82, 180, 56, 186, 92, 100, 74, 140, 123, 115, 96, 76, 43, 167, 21, 102, 77, 90, 81, 191, 201, 15, 164, 99, 175, 0, 146, 207, 53, 184, 97, 34, 67, 119, 17, 69, 127, 18, 80, 171, 170, 176, 64, 177, 73, 41, 221, 72, 212, 219, 231, 95, 199, 252, 122, 23, 135, 91, 189, 55, 5, 7, 121, 33, 183, 159, 245, 210, 235, 213, 54, 255, 65, 86, 152, 160, 105, 13, 232, 138, 230, 224, 211, 110, 51, 185, 157, 196, 57, 14, 162, 10, 163, 42, 59, 209, 246, 203, 6, 79, 226, 125, 70, 71, 151, 39, 37, 120, 200, 106, 253, 193, 206, 126, 131, 137, 22, 36, 112, 158, 239, 172, 16, 31, 2, 52, 20, 66, 250, 155, 198, 143, 118, 108, 134, 124, 84, 130, 238, 187, 223, 75, 28, 47, 48, 26, 114, 169, 136, 117, 148, 147, 188, 228, 241, 233, 141, 168, 103, 30, 178, 220, 25, 179, 93, 165, 68, 1, 40, 197, 24, 35, 205, 128, 150, 46, 182, 8, 251, 153, 225, 104, 218, 12, 229, 234, 111, 129, 32, 88, 236, 116, 237, 61, 156, 62, 113, 101, 9, 254, 60, 227, 215, 173, 109, 58, 181, 133, 144, 194, 190, 204, 139, 38, 50
