# Final optimized S-box - THREAD-SAFE VERSION with Early Stopping
# Generated on: 2025-09-23T19:34:28.011
# Format: 16 values per line (256 total)

sbox = UInt8[
    142,  58,   5, 243, 214,  98,  27,  78, 233,  37,   8, 193,   7, 132, 248, 225,
    143,   3,   4, 111, 176, 174, 244,  87,  83, 217, 163,  19, 139, 249,  11,  44,
    149,  17, 208,  71, 192,  93, 231, 239,  85,  41, 180, 137, 186, 167,  24, 156,
    140, 240, 247,  96,  76,  91, 161,  21,  43,  77,  90,  84, 191, 201,  45, 164,
    131,  10,   0, 246, 204,  53,  65, 223, 187,  67, 119, 148,  18, 125, 135,  80,
    178, 199, 255,  64, 177,  73,  34, 150, 220, 212, 219, 250,  95,  31, 252, 122,
     23,   9, 151, 189,  55,  89, 207, 121, 230,  28, 166,  15, 210, 235, 159, 154,
    215,  36,  86, 152, 160, 105,  92, 232, 138, 127, 224, 211, 110,  51, 185, 157,
    196,  33,  14, 162,  62, 234,  42,  59, 202, 102, 203,   6,  79, 226, 183, 108,
    179, 216,  39,  13, 120, 200, 106, 253,  49, 206, 126,  99,  56,  22,  70, 112,
    158,  69, 172, 245, 205, 109,  74,  20,  66, 228,  61, 221,  16, 118, 175, 134,
    124, 113, 155, 238,  82, 184,  75,   2,  47,  48,  26, 114, 169, 136, 117, 145,
    147, 188, 116, 241, 195,  68, 168, 103,  30, 130,  72,  25,  29, 104, 165, 141,
      1,  40, 197, 213,  35, 170, 128, 198,  46,  38, 107, 251, 153, 115, 209, 218,
     12, 229, 242, 190, 129,  32,  88, 236, 171, 222,  63,  52,  57,  81, 101,  50,
    254,  60, 227, 146, 173,  97, 182, 181, 133, 144, 194, 123, 237,  94,  54, 100
]

# Comma-separated format:
142, 58, 5, 243, 214, 98, 27, 78, 233, 37, 8, 193, 7, 132, 248, 225, 143, 3, 4, 111, 176, 174, 244, 87, 83, 217, 163, 19, 139, 249, 11, 44, 149, 17, 208, 71, 192, 93, 231, 239, 85, 41, 180, 137, 186, 167, 24, 156, 140, 240, 247, 96, 76, 91, 161, 21, 43, 77, 90, 84, 191, 201, 45, 164, 131, 10, 0, 246, 204, 53, 65, 223, 187, 67, 119, 148, 18, 125, 135, 80, 178, 199, 255, 64, 177, 73, 34, 150, 220, 212, 219, 250, 95, 31, 252, 122, 23, 9, 151, 189, 55, 89, 207, 121, 230, 28, 166, 15, 210, 235, 159, 154, 215, 36, 86, 152, 160, 105, 92, 232, 138, 127, 224, 211, 110, 51, 185, 157, 196, 33, 14, 162, 62, 234, 42, 59, 202, 102, 203, 6, 79, 226, 183, 108, 179, 216, 39, 13, 120, 200, 106, 253, 49, 206, 126, 99, 56, 22, 70, 112, 158, 69, 172, 245, 205, 109, 74, 20, 66, 228, 61, 221, 16, 118, 175, 134, 124, 113, 155, 238, 82, 184, 75, 2, 47, 48, 26, 114, 169, 136, 117, 145, 147, 188, 116, 241, 195, 68, 168, 103, 30, 130, 72, 25, 29, 104, 165, 141, 1, 40, 197, 213, 35, 170, 128, 198, 46, 38, 107, 251, 153, 115, 209, 218, 12, 229, 242, 190, 129, 32, 88, 236, 171, 222, 63, 52, 57, 81, 101, 50, 254, 60, 227, 146, 173, 97, 182, 181, 133, 144, 194, 123, 237, 94, 54, 100
