# Final optimized S-box - THREAD-SAFE VERSION with Early Stopping
# Generated on: 2025-09-10T15:35:35.078
# Format: 16 values per line (256 total)

sbox = UInt8[
    115, 234, 203, 152,  93,  38, 151, 240, 161, 227, 116, 209,  23,  12, 210, 199,
      9, 250,  59,  35,  62, 185, 149,  36,  83, 187,  88,  21,  27, 221,  44, 114,
    110, 124,  87, 137,  31, 181,  61, 184, 216, 160,  15, 251, 147,   5, 241,  17,
    129,  91, 239, 196,  37,  81, 189, 143, 253, 170, 245, 211,  92,  53,  80, 146,
     49,  98,  70,  50,  40, 252,  67, 144, 201,   6, 217, 176, 157, 103,  11, 190,
     90,  56,   8,   1,  96, 208, 222,  28,  30, 139, 123, 248,  84,  94, 183, 233,
    154, 188,   4, 200,  47, 163,   0, 243,  33,  99,  71, 133,  13,  39, 122, 246,
     22, 108, 162, 100, 254, 226,  72, 205,  66, 131, 159,  51, 228,  25, 212, 175,
    109, 134, 195,  64, 142, 145, 231,  24,  10, 194, 242,  75, 214,  34, 255, 105,
    118, 153, 247, 229, 141, 102, 112, 150,  82, 106,  86,  89, 138, 135, 127,  20,
    128,  14,  18,  45,  55,  60,  19,  43, 121, 126, 207, 206,  16,  73,  77, 140,
     78, 236, 164, 193,  95,  46, 171, 244, 219, 132,  32, 165, 111,  97,  69, 125,
    172,  58, 237, 232, 178, 180, 107, 155,  85, 120,  63,  54,   2, 166, 238, 186,
    225, 113, 119, 168, 191, 249, 182,  42,   3,  29, 220, 224, 130, 158,  41, 136,
    204, 173, 156, 104, 213, 177,  74, 179, 218, 197,  26,  79,   7,  52, 117, 174,
     76, 148, 215, 167, 202, 198,  57,  68, 169, 192, 101,  48, 230, 223, 235,  65
]

# Comma-separated format:
115, 234, 203, 152, 93, 38, 151, 240, 161, 227, 116, 209, 23, 12, 210, 199, 9, 250, 59, 35, 62, 185, 149, 36, 83, 187, 88, 21, 27, 221, 44, 114, 110, 124, 87, 137, 31, 181, 61, 184, 216, 160, 15, 251, 147, 5, 241, 17, 129, 91, 239, 196, 37, 81, 189, 143, 253, 170, 245, 211, 92, 53, 80, 146, 49, 98, 70, 50, 40, 252, 67, 144, 201, 6, 217, 176, 157, 103, 11, 190, 90, 56, 8, 1, 96, 208, 222, 28, 30, 139, 123, 248, 84, 94, 183, 233, 154, 188, 4, 200, 47, 163, 0, 243, 33, 99, 71, 133, 13, 39, 122, 246, 22, 108, 162, 100, 254, 226, 72, 205, 66, 131, 159, 51, 228, 25, 212, 175, 109, 134, 195, 64, 142, 145, 231, 24, 10, 194, 242, 75, 214, 34, 255, 105, 118, 153, 247, 229, 141, 102, 112, 150, 82, 106, 86, 89, 138, 135, 127, 20, 128, 14, 18, 45, 55, 60, 19, 43, 121, 126, 207, 206, 16, 73, 77, 140, 78, 236, 164, 193, 95, 46, 171, 244, 219, 132, 32, 165, 111, 97, 69, 125, 172, 58, 237, 232, 178, 180, 107, 155, 85, 120, 63, 54, 2, 166, 238, 186, 225, 113, 119, 168, 191, 249, 182, 42, 3, 29, 220, 224, 130, 158, 41, 136, 204, 173, 156, 104, 213, 177, 74, 179, 218, 197, 26, 79, 7, 52, 117, 174, 76, 148, 215, 167, 202, 198, 57, 68, 169, 192, 101, 48, 230, 223, 235, 65
