# Final optimized S-box - THREAD-SAFE VERSION with Early Stopping
# Generated on: 2025-09-16T12:58:05.025
# Format: 16 values per line (256 total)

sbox = UInt8[
     10, 226, 131, 243, 162,  98,  27,  78, 183,  18, 230,  92, 234, 132, 248, 225,
    166,   3,   4,  45, 114, 174,   8,  87,  83, 217, 163,  19, 154, 249,  11,  44,
    149,  49,  86,  71,  66,  93, 116, 240,  85,  72, 180, 189, 220, 171, 100, 103,
    140,  69, 204,  96,  76,  43, 161,  21, 123,  77, 222,  84, 207, 201, 200, 164,
    195, 142,   0, 146,  41,  53,  65, 156,  34,  38,  60, 148,  24, 125, 135,  80,
    178, 205, 244,  64, 186, 177, 187,  54,  73, 231, 219, 176,  95,  12, 252, 122,
     23,  37,  91, 228,  55,  89,   7, 121,  33,  68, 198, 111, 107, 235,  36, 182,
    102, 108, 145, 152, 160, 105,  59, 232, 138, 255, 224, 211, 110,  13, 151, 157,
    196, 127, 144,   6, 175, 192,  42, 150, 209, 246, 203, 214,  79, 210,  63,  70,
    179, 212,  39, 184, 120, 168, 106, 253, 193, 206,  90,  99,  56,  22, 159, 112,
    158, 137, 172,  16,  31, 223,  74,  20, 126, 250, 155, 221, 245, 118,   2, 141,
    124,  94, 130, 238, 191, 113,  75,  28,  47, 208,  26, 169, 216,  82, 147,  17,
    117, 188, 170, 241, 233,  48,  15, 109,  30, 139, 136,  25,  29, 202, 165, 134,
      1,  40, 197,  14,  35, 239, 128, 199,  46,  67, 119, 251, 153, 115, 104, 218,
    133, 229, 242, 167, 129,  32,  88, 236, 190, 237,  61,  52,  57,  81, 101,   9,
    254,   5, 227, 215, 173,  97,  58, 181, 143, 213, 194,  51, 247,  62, 185,  50
]

# Comma-separated format:
10, 226, 131, 243, 162, 98, 27, 78, 183, 18, 230, 92, 234, 132, 248, 225, 166, 3, 4, 45, 114, 174, 8, 87, 83, 217, 163, 19, 154, 249, 11, 44, 149, 49, 86, 71, 66, 93, 116, 240, 85, 72, 180, 189, 220, 171, 100, 103, 140, 69, 204, 96, 76, 43, 161, 21, 123, 77, 222, 84, 207, 201, 200, 164, 195, 142, 0, 146, 41, 53, 65, 156, 34, 38, 60, 148, 24, 125, 135, 80, 178, 205, 244, 64, 186, 177, 187, 54, 73, 231, 219, 176, 95, 12, 252, 122, 23, 37, 91, 228, 55, 89, 7, 121, 33, 68, 198, 111, 107, 235, 36, 182, 102, 108, 145, 152, 160, 105, 59, 232, 138, 255, 224, 211, 110, 13, 151, 157, 196, 127, 144, 6, 175, 192, 42, 150, 209, 246, 203, 214, 79, 210, 63, 70, 179, 212, 39, 184, 120, 168, 106, 253, 193, 206, 90, 99, 56, 22, 159, 112, 158, 137, 172, 16, 31, 223, 74, 20, 126, 250, 155, 221, 245, 118, 2, 141, 124, 94, 130, 238, 191, 113, 75, 28, 47, 208, 26, 169, 216, 82, 147, 17, 117, 188, 170, 241, 233, 48, 15, 109, 30, 139, 136, 25, 29, 202, 165, 134, 1, 40, 197, 14, 35, 239, 128, 199, 46, 67, 119, 251, 153, 115, 104, 218, 133, 229, 242, 167, 129, 32, 88, 236, 190, 237, 61, 52, 57, 81, 101, 9, 254, 5, 227, 215, 173, 97, 58, 181, 143, 213, 194, 51, 247, 62, 185, 50
