# Final optimized S-box - THREAD-SAFE VERSION with Early Stopping
# Generated on: 2025-09-19T14:59:41.895
# Format: 16 values per line (256 total)

sbox = UInt8[
    217, 218,   2, 207,   3, 254,  98,  96, 169,  41, 137, 235, 181, 249,  16,  61,
    224, 179, 142,  19, 162,  74,  57, 123,  25,  24, 203, 154, 184,  67, 230,   9,
    216,  62, 135, 133, 214,  33,  89, 118, 246, 109,   0,  46,  53, 151,  80, 239,
    178, 211, 165,  39,  45, 241, 200,  26, 204, 104,  94, 190, 111, 202, 124, 250,
    122,  64, 161, 171,  10,  50,  87, 199,  48, 238,  13, 196, 252, 186, 206,  79,
      6, 156, 228,  56,  38,  28, 174,  70,  65, 209,  59,  34, 127,  92, 130,  88,
    195,  51,  97, 152,  54, 176, 144, 185, 100, 119, 102,  83,  47, 166, 112,  99,
    167, 172,  32, 155,  29, 145, 201, 140,  63, 160, 215,  17,  14, 192, 212,  52,
    255, 125, 180, 164, 149,  68, 105,  85, 205,  11, 219,  90, 242, 108, 170, 134,
     12,   5, 146,  36, 223, 139, 136, 232, 189,  91, 116, 115, 208, 117,  81, 113,
    248, 121,  43, 163,  84, 251,  95, 194, 188, 193, 222, 114, 141, 213, 187, 247,
    101, 233,  42, 240, 157, 131, 229, 197,  66, 106, 183, 177,  60, 103, 129, 191,
    138, 175, 159, 143, 236,  49,  71,  86, 245, 110, 126, 107,  93, 150,  31, 182,
    147, 234,  76,  73, 225,  18,  15, 158, 128, 221,  58, 168, 210,  22,  27,   4,
    173,  69,  20, 132,   8,  78, 153, 220,  82,   1, 198,  30, 227, 244, 237,  75,
     40,  44, 226, 243,  72,  21,  35,  23, 120,   7, 231,  55,  37, 253,  77, 148
]

# Comma-separated format:
217, 218, 2, 207, 3, 254, 98, 96, 169, 41, 137, 235, 181, 249, 16, 61, 224, 179, 142, 19, 162, 74, 57, 123, 25, 24, 203, 154, 184, 67, 230, 9, 216, 62, 135, 133, 214, 33, 89, 118, 246, 109, 0, 46, 53, 151, 80, 239, 178, 211, 165, 39, 45, 241, 200, 26, 204, 104, 94, 190, 111, 202, 124, 250, 122, 64, 161, 171, 10, 50, 87, 199, 48, 238, 13, 196, 252, 186, 206, 79, 6, 156, 228, 56, 38, 28, 174, 70, 65, 209, 59, 34, 127, 92, 130, 88, 195, 51, 97, 152, 54, 176, 144, 185, 100, 119, 102, 83, 47, 166, 112, 99, 167, 172, 32, 155, 29, 145, 201, 140, 63, 160, 215, 17, 14, 192, 212, 52, 255, 125, 180, 164, 149, 68, 105, 85, 205, 11, 219, 90, 242, 108, 170, 134, 12, 5, 146, 36, 223, 139, 136, 232, 189, 91, 116, 115, 208, 117, 81, 113, 248, 121, 43, 163, 84, 251, 95, 194, 188, 193, 222, 114, 141, 213, 187, 247, 101, 233, 42, 240, 157, 131, 229, 197, 66, 106, 183, 177, 60, 103, 129, 191, 138, 175, 159, 143, 236, 49, 71, 86, 245, 110, 126, 107, 93, 150, 31, 182, 147, 234, 76, 73, 225, 18, 15, 158, 128, 221, 58, 168, 210, 22, 27, 4, 173, 69, 20, 132, 8, 78, 153, 220, 82, 1, 198, 30, 227, 244, 237, 75, 40, 44, 226, 243, 72, 21, 35, 23, 120, 7, 231, 55, 37, 253, 77, 148
