# Final optimized S-box - THREAD-SAFE VERSION with Early Stopping
# Generated on: 2025-09-17T15:51:13.871
# Format: 16 values per line (256 total)

sbox = UInt8[
    105, 130, 214,   1,  26, 235,  21,  91,  46, 220, 151,  44,  84, 112, 203, 255,
    127, 167, 174, 175, 232, 216, 143, 223, 230, 231, 222,  48, 211, 109, 252,  40,
    207,  34, 226, 120,  41, 196,  80, 183, 188, 171,  71, 170,   2, 247,  52, 118,
    192,  60,  17, 248, 182,  14,  29,  30, 142, 173,  45,  27,  54, 185,  83, 186,
     92, 113,  99, 184, 205, 122,  12,  31, 149, 179, 129,  73,  22,  79,  38, 163,
    108,  16, 107,  96,  90,  32,   3,  69, 177, 201, 224,   7,  85, 200,  25,  98,
    128,  68, 165, 237,  89, 212,  87, 187, 215,  88,   9,  13, 250, 249,  94,  82,
     39, 197,  67,  57, 213, 124,  74,  51, 117, 100, 251, 219,  28, 166, 132, 115,
    114, 133, 164,  35,  86, 195, 254,  61,   0,  70,  77, 208,  78, 145,  55, 228,
    138, 217,  58, 136, 123, 162, 169,  97, 168, 148, 210,  24, 135, 176, 202, 111,
     47,   8, 155, 144, 125,  65, 116,  11, 191, 178, 180, 239, 253, 102,  56,  64,
    131,  76, 159, 241,  20, 233, 229, 147,  18, 157, 209, 234,  81, 137, 150,  36,
     10, 225,  19,  15, 110, 119, 152, 101, 158, 198, 139,  63, 246,  23, 221, 103,
    218, 161, 190, 121, 140, 242, 146, 156,  66, 104,  50,  43, 227, 240, 204, 245,
     53,   6, 126,  59, 134,   5,  75, 194, 206, 236, 160, 244,  49,  95, 172,   4,
    243,  72, 238, 154,  37, 181, 199,  93, 141,  62, 106,  33,  42, 153, 193, 189
]

# Comma-separated format:
105, 130, 214, 1, 26, 235, 21, 91, 46, 220, 151, 44, 84, 112, 203, 255, 127, 167, 174, 175, 232, 216, 143, 223, 230, 231, 222, 48, 211, 109, 252, 40, 207, 34, 226, 120, 41, 196, 80, 183, 188, 171, 71, 170, 2, 247, 52, 118, 192, 60, 17, 248, 182, 14, 29, 30, 142, 173, 45, 27, 54, 185, 83, 186, 92, 113, 99, 184, 205, 122, 12, 31, 149, 179, 129, 73, 22, 79, 38, 163, 108, 16, 107, 96, 90, 32, 3, 69, 177, 201, 224, 7, 85, 200, 25, 98, 128, 68, 165, 237, 89, 212, 87, 187, 215, 88, 9, 13, 250, 249, 94, 82, 39, 197, 67, 57, 213, 124, 74, 51, 117, 100, 251, 219, 28, 166, 132, 115, 114, 133, 164, 35, 86, 195, 254, 61, 0, 70, 77, 208, 78, 145, 55, 228, 138, 217, 58, 136, 123, 162, 169, 97, 168, 148, 210, 24, 135, 176, 202, 111, 47, 8, 155, 144, 125, 65, 116, 11, 191, 178, 180, 239, 253, 102, 56, 64, 131, 76, 159, 241, 20, 233, 229, 147, 18, 157, 209, 234, 81, 137, 150, 36, 10, 225, 19, 15, 110, 119, 152, 101, 158, 198, 139, 63, 246, 23, 221, 103, 218, 161, 190, 121, 140, 242, 146, 156, 66, 104, 50, 43, 227, 240, 204, 245, 53, 6, 126, 59, 134, 5, 75, 194, 206, 236, 160, 244, 49, 95, 172, 4, 243, 72, 238, 154, 37, 181, 199, 93, 141, 62, 106, 33, 42, 153, 193, 189
