# Final optimized S-box - THREAD-SAFE VERSION with Early Stopping
# Generated on: 2025-09-20T09:32:07.921
# Format: 16 values per line (256 total)

sbox = UInt8[
    105, 130,  86,   1,  26, 235,  21,  91,  46, 248, 151,  44,  84, 211, 203, 255,
    145,  55, 174,   0, 232, 213,  53, 207, 230, 112, 222,  59, 231,  78, 180,  40,
     79,  34, 122, 120,  41, 196, 214, 183, 188, 137, 228, 170,  51, 239,  52, 118,
    192,  60, 224,  14, 167, 216,  29,  30, 124, 173,  92,  27,  54, 185, 247, 186,
     74, 113,  99, 184, 205, 243,  12,  31, 149, 179, 129,  73,  22, 220, 212,   2,
    108,  16, 107,  96, 226,  32,   3,  69, 177, 103,  80,   7,  85, 163,  28,  98,
    128,  68, 165, 237,  25, 115,  87,  90, 215,  88,   9,  13, 244, 172,  94,  82,
     39, 197,  19,  57, 218, 171,  45, 168, 117, 100, 254, 219,  89, 166, 132, 109,
    114, 133, 164, 182, 210, 199, 143,  61,  81,  70,  77, 208, 221,  17,  18,  71,
    138, 217,  58, 136, 195, 200, 169,  97, 147, 148, 252,  24, 135, 176, 202, 111,
     47,   8, 155, 144, 125, 236, 116,  11, 191,  62, 251, 162, 253, 102,  56,  64,
    131, 206, 159, 241,  20, 233, 229, 141,  36, 249, 209, 234, 189, 142, 150, 178,
     10, 225,  33,  15, 152, 119, 110, 101, 158, 198, 139,  63, 246,  23, 123, 201,
    223, 161, 190, 121, 140, 242, 146, 156,  66, 104,  50,  43, 227, 240, 204, 245,
    127,   6, 126,  48, 134,   5,  75, 194, 187,  65, 160, 250,  49,  95, 157,   4,
     76,  72, 238, 154,  37, 181,  83,  93, 175,  38, 106,  67,  42, 153, 193,  35
]

# Comma-separated format:
105, 130, 86, 1, 26, 235, 21, 91, 46, 248, 151, 44, 84, 211, 203, 255, 145, 55, 174, 0, 232, 213, 53, 207, 230, 112, 222, 59, 231, 78, 180, 40, 79, 34, 122, 120, 41, 196, 214, 183, 188, 137, 228, 170, 51, 239, 52, 118, 192, 60, 224, 14, 167, 216, 29, 30, 124, 173, 92, 27, 54, 185, 247, 186, 74, 113, 99, 184, 205, 243, 12, 31, 149, 179, 129, 73, 22, 220, 212, 2, 108, 16, 107, 96, 226, 32, 3, 69, 177, 103, 80, 7, 85, 163, 28, 98, 128, 68, 165, 237, 25, 115, 87, 90, 215, 88, 9, 13, 244, 172, 94, 82, 39, 197, 19, 57, 218, 171, 45, 168, 117, 100, 254, 219, 89, 166, 132, 109, 114, 133, 164, 182, 210, 199, 143, 61, 81, 70, 77, 208, 221, 17, 18, 71, 138, 217, 58, 136, 195, 200, 169, 97, 147, 148, 252, 24, 135, 176, 202, 111, 47, 8, 155, 144, 125, 236, 116, 11, 191, 62, 251, 162, 253, 102, 56, 64, 131, 206, 159, 241, 20, 233, 229, 141, 36, 249, 209, 234, 189, 142, 150, 178, 10, 225, 33, 15, 152, 119, 110, 101, 158, 198, 139, 63, 246, 23, 123, 201, 223, 161, 190, 121, 140, 242, 146, 156, 66, 104, 50, 43, 227, 240, 204, 245, 127, 6, 126, 48, 134, 5, 75, 194, 187, 65, 160, 250, 49, 95, 157, 4, 76, 72, 238, 154, 37, 181, 83, 93, 175, 38, 106, 67, 42, 153, 193, 35
