# Final optimized S-box - THREAD-SAFE VERSION with Early Stopping
# Generated on: 2025-09-11T10:29:41.154
# Format: 16 values per line (256 total)

sbox = UInt8[
    105, 130,  11,  19,  26, 103,  21,  91,  46, 248, 151,  44,  84, 211, 207, 255,
    127,  55, 174,   0, 232, 216,  53, 205, 230, 112, 223,  59, 231,  51, 252,  40,
     79,  48, 122, 120,  41, 196, 249,  38,  66, 143,  71, 221,  17, 239,  52,   2,
    192,  60, 113, 213, 167,  14,  29,  30, 124, 173,  45,  27,  34, 185, 247,  76,
     92, 242,  99, 184, 203, 243,  12, 188, 146, 179, 129,  73,  22,  88, 212, 182,
    108,  16, 107,  96, 226,  32,   3,  69, 177, 170, 145,  80,  85, 181,  28,  98,
    128,  68, 126, 237,  25, 115,  33,  90, 215, 222,   9,  13, 250, 218,  94,  82,
     37, 197,  67,  57, 220, 142,  74, 168, 235, 100, 251, 219,  89, 166, 132, 163,
    139, 133,  10, 162,  86, 195, 254,  61,  35, 214,  77, 208,  78,   7,  18, 228,
    138, 217,  58, 136, 109, 183, 169,  97, 141, 148, 210,  24, 135, 176, 202, 114,
     47,   8, 155, 144, 125, 236, 116,  70, 191, 118, 180,  83, 253, 102,  56,  64,
    131, 206, 159, 241,  20, 233, 229, 147, 178, 171, 200, 234,  81, 137, 150,  36,
    164, 245,   1,  15, 110, 119, 152, 101, 158, 198, 111,  63, 246,  23, 123, 117,
    172, 161, 190, 121, 140, 224, 149, 156,  31, 104,  50,  43, 227, 240, 186, 225,
    201,  39, 165,  54, 134,   5,  75, 194, 187,  65, 160, 244,  49,  95, 157,   4,
    204,  72, 238, 154,  87, 209, 199,  93, 175,  62, 106,   6,  42, 153, 193, 189
]

# Comma-separated format:
105, 130, 11, 19, 26, 103, 21, 91, 46, 248, 151, 44, 84, 211, 207, 255, 127, 55, 174, 0, 232, 216, 53, 205, 230, 112, 223, 59, 231, 51, 252, 40, 79, 48, 122, 120, 41, 196, 249, 38, 66, 143, 71, 221, 17, 239, 52, 2, 192, 60, 113, 213, 167, 14, 29, 30, 124, 173, 45, 27, 34, 185, 247, 76, 92, 242, 99, 184, 203, 243, 12, 188, 146, 179, 129, 73, 22, 88, 212, 182, 108, 16, 107, 96, 226, 32, 3, 69, 177, 170, 145, 80, 85, 181, 28, 98, 128, 68, 126, 237, 25, 115, 33, 90, 215, 222, 9, 13, 250, 218, 94, 82, 37, 197, 67, 57, 220, 142, 74, 168, 235, 100, 251, 219, 89, 166, 132, 163, 139, 133, 10, 162, 86, 195, 254, 61, 35, 214, 77, 208, 78, 7, 18, 228, 138, 217, 58, 136, 109, 183, 169, 97, 141, 148, 210, 24, 135, 176, 202, 114, 47, 8, 155, 144, 125, 236, 116, 70, 191, 118, 180, 83, 253, 102, 56, 64, 131, 206, 159, 241, 20, 233, 229, 147, 178, 171, 200, 234, 81, 137, 150, 36, 164, 245, 1, 15, 110, 119, 152, 101, 158, 198, 111, 63, 246, 23, 123, 117, 172, 161, 190, 121, 140, 224, 149, 156, 31, 104, 50, 43, 227, 240, 186, 225, 201, 39, 165, 54, 134, 5, 75, 194, 187, 65, 160, 244, 49, 95, 157, 4, 204, 72, 238, 154, 87, 209, 199, 93, 175, 62, 106, 6, 42, 153, 193, 189
