# Final optimized S-box - THREAD-SAFE VERSION with Early Stopping
# Generated on: 2025-09-15T12:52:29.744
# Format: 16 values per line (256 total)

sbox = UInt8[
    142, 107, 195, 231, 214,  98,  27,  78, 183,  37,   8, 208,  36, 132, 248, 225,
    166,   3,   4, 119, 216, 174, 244,  87,  83,  74, 163,  19, 154, 249,  11,  44,
    149,  49, 145,  71, 192, 182,   7, 240,  85,  82, 180, 185, 186, 167, 100, 156,
    140,  69, 247, 254,  76,  43,  24,  84, 151,  77,  90, 123, 181, 201,  15, 164,
    131,  10,   0,  99, 207,  53,  65, 109,  34, 243,  45, 148,   5,  68, 135,  80,
    138, 205, 255,  64,  61, 152, 177, 147, 220, 206, 219,  67,  95,  18, 252, 122,
     23, 199,  91, 137,  55,  89,  31, 121,  33,  94, 191, 111, 210, 125, 159,  93,
    102, 108,  86,  16, 160, 105,  13, 232, 178, 230, 224, 211, 110,  51, 189, 157,
    196, 127,  14, 162, 175,  73,  42,  59, 209, 238, 203,   6,  79,  60,  63,  70,
    202, 184,  39,  92, 120, 200, 106, 245, 193, 141, 126, 155,  56,  22,   2, 112,
    158, 187, 172, 143, 116, 223, 235,  20,  66, 165, 146, 221, 124, 118, 222, 134,
    253, 113, 130, 250,  41, 179,  75,  28,  47,  48,  26, 114, 169, 136, 117,  17,
    150, 188, 228, 241,  50, 170, 168, 103,  30, 139,  72,  25,  29, 176, 239, 246,
      1,  40, 229, 213,  35, 194, 128, 198,  46,  38, 161, 251, 153, 115, 104, 218,
     12, 233, 242, 190, 129,  32,  88, 236, 234, 237, 212,  52,  57,  81, 197,   9,
     96, 226, 227, 215, 173,  97,  58, 171, 133, 144, 217,  21, 204,  62,  54, 101
]

# Comma-separated format:
142, 107, 195, 231, 214, 98, 27, 78, 183, 37, 8, 208, 36, 132, 248, 225, 166, 3, 4, 119, 216, 174, 244, 87, 83, 74, 163, 19, 154, 249, 11, 44, 149, 49, 145, 71, 192, 182, 7, 240, 85, 82, 180, 185, 186, 167, 100, 156, 140, 69, 247, 254, 76, 43, 24, 84, 151, 77, 90, 123, 181, 201, 15, 164, 131, 10, 0, 99, 207, 53, 65, 109, 34, 243, 45, 148, 5, 68, 135, 80, 138, 205, 255, 64, 61, 152, 177, 147, 220, 206, 219, 67, 95, 18, 252, 122, 23, 199, 91, 137, 55, 89, 31, 121, 33, 94, 191, 111, 210, 125, 159, 93, 102, 108, 86, 16, 160, 105, 13, 232, 178, 230, 224, 211, 110, 51, 189, 157, 196, 127, 14, 162, 175, 73, 42, 59, 209, 238, 203, 6, 79, 60, 63, 70, 202, 184, 39, 92, 120, 200, 106, 245, 193, 141, 126, 155, 56, 22, 2, 112, 158, 187, 172, 143, 116, 223, 235, 20, 66, 165, 146, 221, 124, 118, 222, 134, 253, 113, 130, 250, 41, 179, 75, 28, 47, 48, 26, 114, 169, 136, 117, 17, 150, 188, 228, 241, 50, 170, 168, 103, 30, 139, 72, 25, 29, 176, 239, 246, 1, 40, 229, 213, 35, 194, 128, 198, 46, 38, 161, 251, 153, 115, 104, 218, 12, 233, 242, 190, 129, 32, 88, 236, 234, 237, 212, 52, 57, 81, 197, 9, 96, 226, 227, 215, 173, 97, 58, 171, 133, 144, 217, 21, 204, 62, 54, 101
