# Final optimized S-box - THREAD-SAFE VERSION with Early Stopping
# Generated on: 2025-09-15T19:54:42.218
# Format: 16 values per line (256 total)

sbox = UInt8[
    142, 107, 195, 243, 214, 238,  27,  78, 143, 157,   8, 208, 222, 162, 248, 225,
    168, 161,   4,  33, 216, 181, 204,  73,  83, 141, 163,  19, 154, 249,  11,  44,
     66,  95, 145, 233, 192, 104, 116, 240,  85,  82, 180, 124,  84, 127, 100, 156,
    140,  69, 247, 148,  76,  43,  81,  21, 151,  77,  90, 186, 191, 201,  79, 164,
    131,  10,   0, 146, 207,  53,  65, 109, 176, 197, 119, 106,  24, 125, 135,  80,
    178, 123, 255,  64, 177, 150, 187,  87, 193, 212, 219, 231,  49, 199, 252, 129,
     23,  18,  91, 189,  55,  89,   7, 121,  97,  94, 165, 111, 210, 235,  39, 246,
    102, 108,  86, 152, 160, 105,  13, 232, 138, 230, 228, 211,  96,  51, 185,  61,
    196, 167,  14, 126, 175, 159,  42,  59, 209, 200, 203,   6, 215, 226,  63,  70,
    179, 242,  98,  92, 120, 137, 110, 253, 220, 206, 132,  99,  56,  22, 224, 112,
    158, 239, 172,  16,  31, 223,  74,  20, 234, 250, 155, 221, 245, 118,   2, 134,
    182, 113, 217,  54,   9, 184,  75,  28,  47,  48,  26, 114,  41, 136, 117,  17,
    147,  32,  36, 241, 170,  58,  12, 103,  30, 139,  72,  25,  29, 202, 183, 130,
      1,  40,  67, 213,  35,  71, 128, 122,  46,  38,   5, 251, 153, 115,  93, 218,
    166, 229,  34, 190, 198, 188,  88, 236, 171, 244,  37,  52,  57,   3, 101, 169,
    254,  60, 227,  15, 173,  45,  68, 174, 133, 144, 194, 205, 237,  62, 149,  50
]

# Comma-separated format:
142, 107, 195, 243, 214, 238, 27, 78, 143, 157, 8, 208, 222, 162, 248, 225, 168, 161, 4, 33, 216, 181, 204, 73, 83, 141, 163, 19, 154, 249, 11, 44, 66, 95, 145, 233, 192, 104, 116, 240, 85, 82, 180, 124, 84, 127, 100, 156, 140, 69, 247, 148, 76, 43, 81, 21, 151, 77, 90, 186, 191, 201, 79, 164, 131, 10, 0, 146, 207, 53, 65, 109, 176, 197, 119, 106, 24, 125, 135, 80, 178, 123, 255, 64, 177, 150, 187, 87, 193, 212, 219, 231, 49, 199, 252, 129, 23, 18, 91, 189, 55, 89, 7, 121, 97, 94, 165, 111, 210, 235, 39, 246, 102, 108, 86, 152, 160, 105, 13, 232, 138, 230, 228, 211, 96, 51, 185, 61, 196, 167, 14, 126, 175, 159, 42, 59, 209, 200, 203, 6, 215, 226, 63, 70, 179, 242, 98, 92, 120, 137, 110, 253, 220, 206, 132, 99, 56, 22, 224, 112, 158, 239, 172, 16, 31, 223, 74, 20, 234, 250, 155, 221, 245, 118, 2, 134, 182, 113, 217, 54, 9, 184, 75, 28, 47, 48, 26, 114, 41, 136, 117, 17, 147, 32, 36, 241, 170, 58, 12, 103, 30, 139, 72, 25, 29, 202, 183, 130, 1, 40, 67, 213, 35, 71, 128, 122, 46, 38, 5, 251, 153, 115, 93, 218, 166, 229, 34, 190, 198, 188, 88, 236, 171, 244, 37, 52, 57, 3, 101, 169, 254, 60, 227, 15, 173, 45, 68, 174, 133, 144, 194, 205, 237, 62, 149, 50
