# Final optimized S-box - THREAD-SAFE VERSION with Early Stopping
# Generated on: 2025-09-16T22:21:44.226
# Format: 16 values per line (256 total)

sbox = UInt8[
    142, 107, 195, 243, 214,  98, 152,  78, 183,  18,   8, 166, 222, 132, 248, 225,
    134,   3,  92, 246, 114, 174, 244,  87, 120,  95, 163,  19, 210, 181, 179,  44,
    209,  49, 145,  71, 192,  93, 116, 240,  85,  82, 180, 199, 220, 167, 124, 157,
     22,  69, 247,  96,  76,  43, 161, 146, 249,  77,  90,  84, 207, 197,  15, 164,
    245,  10,   0, 218,  41,  53,  65, 109,  34,   2, 119,   4,  24,  48, 135, 201,
    178, 205, 255,  64, 186,  73, 104, 150, 177, 212, 219, 231,  27, 137,  11, 122,
    213,  37,  91, 189,  55,  89,   7, 121,  33,  94, 143, 111, 154, 235, 159, 182,
    102, 108,  86, 223, 160, 105,  13, 126, 138, 230, 224, 211, 110,  51, 185, 156,
    196, 127,  14,  23, 175,  56,  42, 139, 215, 232, 203,   6,  79, 253,  63,  70,
     59, 176,  39, 148, 204, 200, 106, 226, 193, 206,  45,  99, 162,  35,  36, 112,
    158, 239, 227,  16, 153,  31,  74,  20,  66, 171, 155, 221, 131, 118, 123, 208,
    100, 113, 130, 172, 191, 184,  75,  28,  47, 125,  26, 169, 216, 136, 117,  17,
    147, 188, 229, 241, 233,  68, 168, 103,  30, 238, 151,  25,  29, 202, 165, 141,
      1,  40,  80, 234,  38, 170, 128, 198,  46,  67,   5, 251, 217, 115, 187,  21,
     83, 228, 242, 190, 129,  32,  88, 236,  54, 237,  61,  52,  57,  81, 101,   9,
    254,  60, 252, 149, 173,  97,  58,  12, 133, 144,  72, 140, 194,  62, 250,  50
]

# Comma-separated format:
142, 107, 195, 243, 214, 98, 152, 78, 183, 18, 8, 166, 222, 132, 248, 225, 134, 3, 92, 246, 114, 174, 244, 87, 120, 95, 163, 19, 210, 181, 179, 44, 209, 49, 145, 71, 192, 93, 116, 240, 85, 82, 180, 199, 220, 167, 124, 157, 22, 69, 247, 96, 76, 43, 161, 146, 249, 77, 90, 84, 207, 197, 15, 164, 245, 10, 0, 218, 41, 53, 65, 109, 34, 2, 119, 4, 24, 48, 135, 201, 178, 205, 255, 64, 186, 73, 104, 150, 177, 212, 219, 231, 27, 137, 11, 122, 213, 37, 91, 189, 55, 89, 7, 121, 33, 94, 143, 111, 154, 235, 159, 182, 102, 108, 86, 223, 160, 105, 13, 126, 138, 230, 224, 211, 110, 51, 185, 156, 196, 127, 14, 23, 175, 56, 42, 139, 215, 232, 203, 6, 79, 253, 63, 70, 59, 176, 39, 148, 204, 200, 106, 226, 193, 206, 45, 99, 162, 35, 36, 112, 158, 239, 227, 16, 153, 31, 74, 20, 66, 171, 155, 221, 131, 118, 123, 208, 100, 113, 130, 172, 191, 184, 75, 28, 47, 125, 26, 169, 216, 136, 117, 17, 147, 188, 229, 241, 233, 68, 168, 103, 30, 238, 151, 25, 29, 202, 165, 141, 1, 40, 80, 234, 38, 170, 128, 198, 46, 67, 5, 251, 217, 115, 187, 21, 83, 228, 242, 190, 129, 32, 88, 236, 54, 237, 61, 52, 57, 81, 101, 9, 254, 60, 252, 149, 173, 97, 58, 12, 133, 144, 72, 140, 194, 62, 250, 50
