# Final optimized S-box - THREAD-SAFE VERSION with Early Stopping
# Generated on: 2025-09-15T12:43:44.960
# Format: 16 values per line (256 total)

sbox = UInt8[
    142, 107, 195, 193, 214,  98,  27,  78, 151,  37, 220, 208, 222, 132, 248, 225,
    166,  65, 224,  45, 216, 174, 244,  87,  55, 223, 163,  19, 154, 249,  88, 194,
    149,  49, 145,  71,   3, 134, 116,  51,  85, 123, 180, 137, 186, 218, 100, 147,
    140,  69,  97, 207,  76,  43, 144,  83, 202,  77,   8,  84, 191, 201,  44, 164,
    131, 200,   0, 146,  96,  53, 192, 109,  90,  67, 119, 211,  24, 125, 135,  80,
    162, 205, 101,  64, 177,   1, 187, 150,  11, 212, 219, 231,  95, 246, 252, 106,
     34,  18,  30, 189,  52, 203, 103, 121,  33,  94, 143, 111, 210, 235, 159, 182,
      7, 108,  86, 136, 160, 105,  13, 232,  28, 230, 129,  89, 110, 240, 185, 157,
    196, 127,  14,  48,  74, 122,  42,  59, 209, 128, 148,   6,  79, 226,  63,  70,
    179, 176,  39,  92, 120,  10, 234, 243, 253, 206, 126,  99,  56,  22,  36, 112,
    158, 239, 172,  16,  31,  17,  91,  20,  66, 250,  73, 221, 245, 118, 153,  93,
    124, 113, 238, 130,  41, 184,  75, 175,  47, 178,  26, 114, 169, 152, 117, 139,
    199, 188, 228, 241, 233,  68, 168, 102,  62, 156,  72,  25,  29, 215, 165, 141,
    155,  21, 197, 213,  35, 170, 217, 198,  46,  38,   5, 251,   2, 115, 104, 133,
     12, 229, 242, 190, 227,  32,  23, 236, 171, 237,  61,  40,  57,  81, 255,   9,
    254,  60,   4, 183, 173, 247,  58, 181, 167, 161,  15,  82, 204, 138,  54,  50
]

# Comma-separated format:
142, 107, 195, 193, 214, 98, 27, 78, 151, 37, 220, 208, 222, 132, 248, 225, 166, 65, 224, 45, 216, 174, 244, 87, 55, 223, 163, 19, 154, 249, 88, 194, 149, 49, 145, 71, 3, 134, 116, 51, 85, 123, 180, 137, 186, 218, 100, 147, 140, 69, 97, 207, 76, 43, 144, 83, 202, 77, 8, 84, 191, 201, 44, 164, 131, 200, 0, 146, 96, 53, 192, 109, 90, 67, 119, 211, 24, 125, 135, 80, 162, 205, 101, 64, 177, 1, 187, 150, 11, 212, 219, 231, 95, 246, 252, 106, 34, 18, 30, 189, 52, 203, 103, 121, 33, 94, 143, 111, 210, 235, 159, 182, 7, 108, 86, 136, 160, 105, 13, 232, 28, 230, 129, 89, 110, 240, 185, 157, 196, 127, 14, 48, 74, 122, 42, 59, 209, 128, 148, 6, 79, 226, 63, 70, 179, 176, 39, 92, 120, 10, 234, 243, 253, 206, 126, 99, 56, 22, 36, 112, 158, 239, 172, 16, 31, 17, 91, 20, 66, 250, 73, 221, 245, 118, 153, 93, 124, 113, 238, 130, 41, 184, 75, 175, 47, 178, 26, 114, 169, 152, 117, 139, 199, 188, 228, 241, 233, 68, 168, 102, 62, 156, 72, 25, 29, 215, 165, 141, 155, 21, 197, 213, 35, 170, 217, 198, 46, 38, 5, 251, 2, 115, 104, 133, 12, 229, 242, 190, 227, 32, 23, 236, 171, 237, 61, 40, 57, 81, 255, 9, 254, 60, 4, 183, 173, 247, 58, 181, 167, 161, 15, 82, 204, 138, 54, 50
