# Final optimized S-box - THREAD-SAFE VERSION with Early Stopping
# Generated on: 2025-09-10T15:43:34.789
# Format: 16 values per line (256 total)

sbox = UInt8[
    115,  10, 197,  49, 231, 151,  45, 240, 161, 245, 116, 247,  93, 152, 210,  77,
     35,  59,  51, 241,  62, 185, 137,  36,  83, 187, 209,  21,  57, 184,  44, 114,
    110, 122, 133, 164, 199, 181, 238,   1, 216, 155, 228, 251, 212,  43, 121,  17,
    131,  91, 239,  63,  37,  81, 189,  75, 253,  66,  18, 211,  92, 139,  80, 146,
    168, 226,  70,  50,  40, 252, 104,  46, 201,   6, 217, 196, 157, 176, 236, 163,
     90, 186, 177,  38,  96,  71, 222,  28, 113,  27, 123, 248,  30,  94, 143, 233,
      4, 188, 220, 205,  47, 145,  12, 243,  33,  67, 208,  86,  13,  39, 124, 246,
     72, 111, 162, 100, 254,  31, 107, 244, 170, 227,  11,  60,  76,  25, 103, 120,
    109, 134, 195,  64, 147, 203,  53,  24, 234, 194, 242,   9, 214,  29, 255, 105,
     34, 153, 117, 229, 141, 102, 112, 150,  82, 106, 127,  89, 138, 135,  54,  20,
    128,   7,   5,  74,  55,  73,  22,  69,  88, 126, 207, 206,  16,  48,  98, 154,
     78, 159,   2, 142,  95, 144, 171, 192, 129, 132,  32, 165, 108,  97, 221, 125,
    172,  58, 237, 232, 178, 180,  99, 149,  85, 175, 219, 118,  14,   8,  41, 191,
    225,  84, 119,  56, 204, 249, 182,  42,   3,  87, 140, 224, 130, 158, 190, 136,
    160, 173, 156,  65, 213, 166,  23, 179, 218, 193,  26,  79,   0,  52, 174, 198,
     15, 148, 215, 167, 202, 183,  61,  68, 169, 200, 101, 250, 230, 223, 235,  19
]

# Comma-separated format:
115, 10, 197, 49, 231, 151, 45, 240, 161, 245, 116, 247, 93, 152, 210, 77, 35, 59, 51, 241, 62, 185, 137, 36, 83, 187, 209, 21, 57, 184, 44, 114, 110, 122, 133, 164, 199, 181, 238, 1, 216, 155, 228, 251, 212, 43, 121, 17, 131, 91, 239, 63, 37, 81, 189, 75, 253, 66, 18, 211, 92, 139, 80, 146, 168, 226, 70, 50, 40, 252, 104, 46, 201, 6, 217, 196, 157, 176, 236, 163, 90, 186, 177, 38, 96, 71, 222, 28, 113, 27, 123, 248, 30, 94, 143, 233, 4, 188, 220, 205, 47, 145, 12, 243, 33, 67, 208, 86, 13, 39, 124, 246, 72, 111, 162, 100, 254, 31, 107, 244, 170, 227, 11, 60, 76, 25, 103, 120, 109, 134, 195, 64, 147, 203, 53, 24, 234, 194, 242, 9, 214, 29, 255, 105, 34, 153, 117, 229, 141, 102, 112, 150, 82, 106, 127, 89, 138, 135, 54, 20, 128, 7, 5, 74, 55, 73, 22, 69, 88, 126, 207, 206, 16, 48, 98, 154, 78, 159, 2, 142, 95, 144, 171, 192, 129, 132, 32, 165, 108, 97, 221, 125, 172, 58, 237, 232, 178, 180, 99, 149, 85, 175, 219, 118, 14, 8, 41, 191, 225, 84, 119, 56, 204, 249, 182, 42, 3, 87, 140, 224, 130, 158, 190, 136, 160, 173, 156, 65, 213, 166, 23, 179, 218, 193, 26, 79, 0, 52, 174, 198, 15, 148, 215, 167, 202, 183, 61, 68, 169, 200, 101, 250, 230, 223, 235, 19
