# Final optimized S-box - THREAD-SAFE VERSION with Early Stopping
# Generated on: 2025-09-16T23:04:52.979
# Format: 16 values per line (256 total)

sbox = UInt8[
    142, 107, 195, 243, 223,  98,  27,  78, 183,  18,   8, 177, 222, 132, 248, 225,
    166,   3, 235,  45, 114, 174, 244,  87,  83, 217, 163,  19, 185, 249,   9,  44,
    149,   2, 145,  71, 192,  31, 116, 240, 208,  82,  10, 109,  76, 167, 100, 156,
    140,  69, 247, 148, 206,  43, 161,  21, 151,  77, 201,  84, 207, 155,  15, 164,
     35,  95,  64, 146,  41,  53,  65,  24,  34,  38, 119, 180, 137, 125, 158,  80,
    178, 205, 255, 221, 196, 226, 187, 150, 124, 212, 219, 214,  85, 199, 252, 102,
     23,  37,  91, 189,  55,  89,   7, 121,  33,  94, 143, 111, 210, 120,  93, 182,
    213, 108,  86, 152, 231, 105,  13, 232,  11, 230,  73, 211, 110,  51, 154, 157,
    134, 127,  14, 106, 175, 234,  42,  59, 209, 246, 203,   6,  79, 224,  63,  70,
    179, 176, 171,  92,   4, 200,  32, 253, 131, 220, 126,  99,  56,  22,  36, 112,
     29, 242, 172,  16, 159,  39,  74,  20,  66, 237,  90,   0, 130, 118, 245, 160,
     96, 113, 190, 238, 191, 184,  75,  28,  47, 204,  26, 169, 216, 136, 117,  17,
    147, 123, 228, 241, 233,  68, 168, 103,  30, 139,  72,  25, 135, 202, 165, 141,
     49,  40, 197, 122, 193, 170,  46, 198, 128,  67,   5, 251, 153, 115, 104,  48,
     12, 229, 239,   1, 129, 162,  88, 236, 186,  62,  61,  52,  57,  81, 101, 138,
    254,  60, 227, 215, 173,  97,  58, 181, 133, 144, 194, 188, 218, 250,  54,  50
]

# Comma-separated format:
142, 107, 195, 243, 223, 98, 27, 78, 183, 18, 8, 177, 222, 132, 248, 225, 166, 3, 235, 45, 114, 174, 244, 87, 83, 217, 163, 19, 185, 249, 9, 44, 149, 2, 145, 71, 192, 31, 116, 240, 208, 82, 10, 109, 76, 167, 100, 156, 140, 69, 247, 148, 206, 43, 161, 21, 151, 77, 201, 84, 207, 155, 15, 164, 35, 95, 64, 146, 41, 53, 65, 24, 34, 38, 119, 180, 137, 125, 158, 80, 178, 205, 255, 221, 196, 226, 187, 150, 124, 212, 219, 214, 85, 199, 252, 102, 23, 37, 91, 189, 55, 89, 7, 121, 33, 94, 143, 111, 210, 120, 93, 182, 213, 108, 86, 152, 231, 105, 13, 232, 11, 230, 73, 211, 110, 51, 154, 157, 134, 127, 14, 106, 175, 234, 42, 59, 209, 246, 203, 6, 79, 224, 63, 70, 179, 176, 171, 92, 4, 200, 32, 253, 131, 220, 126, 99, 56, 22, 36, 112, 29, 242, 172, 16, 159, 39, 74, 20, 66, 237, 90, 0, 130, 118, 245, 160, 96, 113, 190, 238, 191, 184, 75, 28, 47, 204, 26, 169, 216, 136, 117, 17, 147, 123, 228, 241, 233, 68, 168, 103, 30, 139, 72, 25, 135, 202, 165, 141, 49, 40, 197, 122, 193, 170, 46, 198, 128, 67, 5, 251, 153, 115, 104, 48, 12, 229, 239, 1, 129, 162, 88, 236, 186, 62, 61, 52, 57, 81, 101, 138, 254, 60, 227, 215, 173, 97, 58, 181, 133, 144, 194, 188, 218, 250, 54, 50
